#ID DescID Mvir Vmax Vrms Rvir Rs Np X Y Z VX VY VZ JX JY JZ Spin rs_klypin Mvir_all M200b M200c M500c M2500c Xoff Voff spin_bullock b_to_a c_to_a A[x] A[y] A[z] b_to_a(500c) c_to_a(500c) A[x](500c) A[y](500c) A[z](500c) T/|U| PID
#a = 1.000000
#Om = 0.300000; Ol = 0.700000; h = 0.700000
#FOF linking length: 0.280000
#Unbound Threshold: 0.500000; FOF Refinement Threshold: 0.700000
#Particle mass: 8.32500e+10 Msun/h
#Box size: 16.000000 Mpc/h
#Force resolution assumed: 0.003 Mpc/h
#Using Strict Spherical Overdensity Masses
#Units: Masses in Msun / h
#Units: Positions in Mpc / h (comoving)
#Units: Velocities in km / s (physical, peculiar)
#Units: Halo Distances, Lengths, and Radii in kpc / h (comoving)
#Units: Angular Momenta in (Msun/h) * (Mpc/h) * km/s (physical)
#Units: Spins are dimensionless
#Rockstar Version: 0.99.9-RC2
0 -1 8.325e+11 149.00 127.27 192.024 32.077 13 2.85889 3.44087 12.51391 201.52 -6.29 42.91 -3.875e+12 6.478e+11 -3.923e+12 0.19755 32.07698 8.3250e+11 9.9900e+11 0.0000e+00 0.0000e+00 0.0000e+00 36.19975 0.00 0.17985 0.50120 0.00000 -4.39706 87.23892 -22.77226 0.0000 -1
1 -1 1.915e+12 223.75 199.70 253.473 22.273 35 3.90771 1.62467 14.79523 197.51 289.69 5.16 -5.412e+11 8.947e+12 4.959e+11 0.12071 22.27344 1.9147e+12 2.4143e+12 1.7483e+12 1.2487e+12 5.8275e+11 27.86142 0.00 0.07256 0.60694 0.16042 56.61016 -10.12190 -4.35034 0.7659 -1
2 -1 2.164e+12 221.38 225.47 264.046 29.209 34 4.27873 5.84501 0.21183 36.66 -127.92 -71.05 5.399e+12 3.887e+12 -9.826e+12 0.11116 29.20919 2.1645e+12 2.3310e+12 1.6650e+12 1.4985e+12 0.0000e+00 62.75424 0.00 0.07818 0.67936 0.14139 -20.39576 68.06811 8.68045 0.6458 -1
3 -1 1.998e+12 271.68 247.85 257.094 11.459 27 3.80151 6.60589 5.96979 11.92 -42.02 97.33 -5.044e+11 -1.394e+12 -5.957e+12 0.08504 11.45873 1.9980e+12 1.9980e+12 1.7483e+12 1.4153e+12 1.2487e+12 46.23449 11.33 0.04622 0.57928 0.28280 3.36602 -20.26203 34.58055 0.6755 -1
4 -1 1.157e+13 386.25 388.30 461.701 45.010 154 3.62611 6.63238 7.87237 22.90 -42.00 17.63 -1.798e+13 -2.101e+12 -4.441e+13 0.03271 51.60837 1.1655e+13 1.2321e+13 1.0739e+13 8.2418e+12 8.3250e+10 17.44126 23.55 0.01933 0.52202 0.34142 -0.03987 85.27431 6.21822 0.5792 -1
5 -1 2.581e+12 246.16 226.84 279.990 25.033 37 3.41972 5.95318 9.99516 68.62 -58.48 33.57 -3.218e+12 5.499e+12 7.627e+12 0.08391 25.03333 2.6640e+12 2.9137e+12 2.5808e+12 1.9147e+12 5.8275e+11 21.52195 10.95 0.04884 0.70859 0.31571 1.85272 24.67992 39.50811 0.7681 -1
6 -1 3.663e+12 303.36 280.09 314.659 19.475 60 3.56661 5.42774 11.27329 27.54 -10.23 -9.44 5.042e+12 -3.522e+12 4.762e+12 0.03759 19.47512 3.6630e+12 4.4122e+12 2.9137e+12 2.4143e+12 1.2487e+12 27.55631 0.00 0.02133 0.67053 0.39670 -14.79736 24.94492 9.98887 0.5726 -1
7 -1 4.995e+11 123.29 153.76 161.959 30.637 17 3.60550 6.86952 4.86715 19.48 -70.97 144.40 -1.731e+12 -1.094e+12 1.073e+12 0.04335 30.63656 4.9950e+11 8.3250e+11 4.1625e+11 0.0000e+00 0.0000e+00 36.59430 0.00 0.17544 0.10014 0.00000 44.91825 -35.78949 65.15081 0.0000 -1
8 -1 4.995e+11 147.55 113.35 161.959 12.489 24 2.25789 10.67096 10.62707 -1.29 -79.00 -71.21 6.830e+11 6.063e+10 4.332e+11 0.06418 12.48935 4.9950e+11 5.8275e+11 4.9950e+11 0.0000e+00 0.0000e+00 76.76499 0.00 0.06155 0.00000 0.00000 -49.68643 74.85008 35.69889 0.0000 -1
9 -1 9.990e+11 166.83 154.12 204.056 25.522 19 2.03465 8.59335 10.85596 61.09 -24.99 -5.89 3.678e+12 -2.573e+12 2.241e+12 0.15962 25.52224 9.9900e+11 1.3320e+12 9.9900e+11 3.3300e+11 0.0000e+00 20.74491 0.00 0.11992 0.38923 0.08065 46.01830 30.43966 -25.45687 0.3001 -1
10 -1 9.990e+11 213.39 183.79 204.056 9.428 16 2.55886 7.91614 11.63064 7.42 -71.95 -70.11 1.332e+12 2.111e+12 -2.161e+11 0.10462 9.42816 9.9900e+11 9.9900e+11 9.9900e+11 7.4925e+11 5.8275e+11 12.70626 0.00 0.05989 0.75432 0.27710 15.76256 -19.60709 30.66882 0.6660 -1
11 -1 4.163e+11 111.45 101.62 152.410 40.136 10 1.73440 14.99074 3.78802 87.18 23.11 10.57 -9.439e+11 1.339e+11 1.200e+12 0.10531 40.13564 4.1625e+11 5.8275e+11 0.0000e+00 0.0000e+00 0.0000e+00 79.77534 47.54 0.15760 0.10473 0.00000 62.87977 46.54787 1.26978 0.0000 -1
12 -1 8.325e+12 331.92 288.77 413.703 57.072 110 0.36374 14.23231 12.29654 41.88 67.58 -39.89 3.406e+13 1.279e+13 2.465e+13 0.05066 57.07165 8.3250e+12 8.8245e+12 6.3270e+12 4.7452e+12 2.4975e+11 22.17820 0.00 0.03067 0.61734 0.51365 2.66698 83.59424 -14.01982 0.8444 -1
13 -1 1.415e+12 174.52 158.72 229.177 43.257 26 0.78675 14.90213 12.79337 -46.85 -81.29 -128.45 -8.352e+11 -2.611e+12 -2.122e+12 0.06472 43.25717 1.4153e+12 1.4153e+12 1.1655e+12 5.8275e+11 0.0000e+00 30.61123 0.00 0.04637 0.90102 0.39778 -38.90053 51.82686 -17.81389 0.9652 -1
14 -1 1.265e+13 460.85 423.12 475.667 17.006 169 5.16710 2.14018 3.69065 -30.97 19.77 -34.36 3.051e+13 -6.311e+12 1.998e+12 0.02140 28.90492 1.2654e+13 1.3570e+13 1.1738e+13 9.4905e+12 5.6610e+12 22.94437 17.68 0.01084 0.93898 0.89380 1.74876 -22.44251 32.93124 0.9127 -1
15 -1 3.497e+12 295.44 260.29 309.817 19.986 59 5.79824 1.36524 10.43151 -43.72 15.65 14.91 -4.844e+12 8.334e+11 1.201e+13 0.07125 19.98558 3.4965e+12 3.9128e+12 2.9137e+12 2.2478e+12 1.6650e+12 18.14915 4.93 0.03844 0.47309 0.41861 9.75483 33.88893 19.29064 0.4868 -1
16 -1 6.660e+11 171.94 141.36 178.259 11.013 13 4.40884 2.76741 14.16545 -87.94 -174.83 175.35 2.042e+12 1.003e+12 -6.869e+11 0.13452 11.01282 8.3250e+11 1.0822e+12 8.3250e+11 6.6600e+11 0.0000e+00 33.23873 62.69 0.11167 0.51116 0.15137 49.55456 -38.02476 38.92719 0.5090 -1
17 -1 2.373e+13 512.80 495.29 586.548 45.826 379 4.44673 2.81876 14.94977 -27.32 65.63 -44.79 -1.132e+14 3.761e+14 1.501e+14 0.09412 53.71801 2.3726e+13 2.8138e+13 2.0313e+13 1.5235e+13 8.5748e+12 24.44204 21.45 0.05122 0.91754 0.72058 31.81987 -7.79187 29.61187 0.9431 -1
18 -1 1.665e+12 204.66 213.60 241.935 25.669 24 4.85512 2.93495 4.96936 11.95 -151.23 -80.09 1.559e+12 1.007e+12 -4.764e+12 0.07043 25.66897 1.7483e+12 1.7483e+12 1.3320e+12 9.9900e+11 8.3250e+10 42.36687 7.79 0.05216 0.09857 0.03617 54.37245 -26.58052 49.03426 0.1222 -1
19 -1 7.493e+11 135.26 112.28 185.397 50.033 11 4.79319 6.44402 9.45594 -161.21 -62.81 -36.35 2.690e+11 1.010e+12 6.780e+11 0.05920 50.03333 7.4925e+11 8.3250e+11 4.9950e+11 2.4975e+11 0.0000e+00 28.22905 0.00 0.04811 0.72470 0.39525 65.42740 23.40472 39.31398 0.7536 -1
20 -1 2.497e+12 215.86 223.94 276.947 45.025 54 4.79797 5.33160 14.40865 -118.14 -214.64 9.04 -2.719e+12 -5.145e+12 1.658e+13 0.12529 45.02501 2.4975e+12 2.7472e+12 2.2478e+12 1.1655e+12 0.0000e+00 44.82730 0.00 0.09120 0.41770 0.09594 41.24450 64.03606 40.90556 0.2994 -1
21 -1 3.580e+12 232.07 240.20 312.257 70.768 72 4.83131 3.34249 14.29389 59.30 -182.73 319.28 9.116e+12 -2.212e+12 -3.541e+12 0.03930 70.76769 4.8285e+12 5.6610e+12 2.9970e+12 1.4153e+12 1.6650e+11 60.91931 0.00 0.02856 0.14476 0.03423 6.55355 91.26044 44.41457 0.1975 -1
22 -1 2.331e+12 230.47 234.46 270.650 27.860 34 7.25000 12.53509 2.11061 -4.18 27.53 32.94 -1.303e+13 1.325e+13 3.519e+12 0.18087 27.86041 2.3310e+12 2.5808e+12 2.3310e+12 1.7483e+12 5.8275e+11 41.48577 0.00 0.11014 0.55081 0.32983 28.59110 32.15146 19.07179 0.6506 -1
23 -1 8.325e+11 154.19 154.53 192.024 26.371 10 6.43200 10.53088 8.00501 -100.28 -20.26 12.12 1.157e+12 -9.135e+11 -8.156e+11 0.06133 26.37119 8.3250e+11 8.3250e+11 7.4925e+11 3.3300e+11 0.0000e+00 19.73742 0.00 0.05458 0.57530 0.07031 10.06131 73.12653 -29.69170 0.4441 -1
24 -1 1.332e+12 164.77 142.91 224.593 57.236 22 7.21903 15.88850 8.94994 52.06 47.68 -31.25 1.748e+12 -1.039e+12 -7.140e+11 0.04043 57.23619 1.3320e+12 1.3320e+12 9.9900e+11 2.4975e+11 0.0000e+00 60.40380 0.00 0.03190 0.34124 0.00000 72.02712 -59.18452 -60.89539 0.2656 -1
25 -1 1.332e+12 198.37 208.50 224.593 19.689 20 6.24143 7.62567 8.36421 -114.70 -38.13 0.60 -1.225e+11 5.496e+11 3.130e+12 0.06638 19.68888 1.3320e+12 1.3320e+12 1.2487e+12 8.3250e+11 0.0000e+00 33.62503 0.00 0.04706 0.47317 0.16900 28.50009 48.38155 -8.37689 0.4901 -1
26 -1 1.748e+12 204.47 195.49 245.902 28.298 33 5.82672 8.02350 15.33550 -100.48 -81.29 -37.68 1.783e+12 -4.543e+12 3.992e+12 0.09511 28.29826 1.7483e+12 2.2478e+12 1.7483e+12 9.1575e+11 4.9950e+11 36.14353 0.00 0.05931 0.84495 0.68728 20.66937 30.21046 5.96774 0.8917 -1
27 -1 2.747e+12 268.34 232.84 285.886 19.594 41 13.63080 7.39451 11.72871 64.91 18.22 -28.82 -5.465e+12 -4.894e+11 -1.404e+13 0.12003 19.59409 2.7472e+12 2.9137e+12 2.4975e+12 1.7483e+12 9.9900e+11 26.89873 0.00 0.06677 0.71662 0.33887 15.90552 -0.40561 -8.21620 0.6439 -1
28 -1 2.414e+12 234.25 202.06 273.834 27.610 40 9.36718 11.93321 3.63373 -69.07 62.31 13.21 -3.502e+12 -6.810e+12 -4.711e+12 0.08499 27.61008 2.4975e+12 3.1635e+12 2.2478e+12 1.9147e+12 3.3300e+11 24.50478 15.87 0.04938 0.64118 0.44911 19.64289 -14.27538 36.24596 0.7425 -1
29 -1 2.331e+12 279.79 255.75 270.650 13.016 37 15.11957 11.70478 4.52626 38.35 45.65 48.59 1.368e+12 -2.853e+12 9.372e+11 0.03744 13.01633 2.3310e+12 2.6640e+12 1.9980e+12 1.9980e+12 1.2487e+12 21.93538 5.82 0.01922 0.62520 0.42623 23.38363 14.23198 -3.26886 0.6320 -1
30 -1 1.165e+12 156.39 127.84 214.815 59.342 17 15.73121 14.01250 5.63195 -20.41 11.54 101.32 -1.693e+12 1.481e+12 1.787e+12 0.06501 59.34176 1.1655e+12 1.3320e+12 3.3300e+11 2.4975e+11 0.0000e+00 18.74674 0.00 0.05311 0.14061 0.06939 -14.32129 62.57571 34.07591 0.1821 -1
31 -1 3.497e+12 294.71 276.80 309.817 20.174 43 14.05979 14.55962 7.19589 81.61 -50.44 -80.60 1.321e+13 5.661e+12 -1.343e+12 0.07851 20.17413 4.0793e+12 5.1615e+12 3.3300e+12 2.4975e+12 1.4985e+12 35.34841 0.00 0.04276 0.73066 0.61690 13.16566 24.23518 12.72901 0.7767 -1
32 -1 3.247e+12 299.37 245.06 302.257 16.934 58 14.55901 14.42651 7.02386 -94.48 45.46 35.28 9.734e+12 -1.358e+12 3.886e+12 0.06685 16.93353 3.2467e+12 3.7463e+12 2.4975e+12 2.3310e+12 1.0822e+12 40.10714 0.00 0.03543 0.69901 0.54063 11.03278 -9.26238 14.27089 0.9727 -1
33 -1 1.082e+12 192.06 157.75 209.574 15.782 17 13.74638 14.67285 7.30056 283.25 -142.19 107.37 -4.836e+11 -3.600e+12 3.655e+12 0.16020 15.78178 1.5818e+12 1.8315e+12 1.0822e+12 9.9900e+11 0.0000e+00 0.00041 0.00 0.10779 0.48384 0.03407 37.03028 62.00414 -24.93705 0.4850 -1
34 -1 1.332e+12 206.79 164.35 224.593 16.601 24 15.76477 14.21334 11.38482 94.19 44.84 106.45 5.406e+12 1.158e+12 -5.322e+11 0.13096 16.60068 1.3320e+12 1.4985e+12 1.0822e+12 8.3250e+11 0.0000e+00 9.11248 0.00 0.08220 0.21757 0.06673 20.58759 61.57680 7.77005 0.2074 -1
35 -1 6.493e+12 324.10 293.58 380.821 39.302 97 9.30346 15.67023 5.74945 -52.18 -15.37 21.25 2.104e+13 1.394e+13 -1.300e+13 0.05300 39.30227 6.4935e+12 7.3260e+12 5.4945e+12 3.2467e+12 1.9980e+12 19.02318 0.00 0.02998 0.54099 0.39592 35.39044 19.25633 15.12220 0.6728 -1
36 -1 6.660e+11 127.45 106.73 178.259 64.641 12 13.25892 14.86686 6.00746 32.50 -63.62 130.16 1.207e+11 -1.091e+12 1.074e+12 0.06608 64.64075 6.6600e+11 8.3250e+11 0.0000e+00 0.0000e+00 0.0000e+00 87.59074 8.89 0.07213 0.56902 0.00000 -52.70221 67.78462 -10.28330 0.0000 -1
37 -1 3.164e+12 292.29 259.62 299.652 17.756 49 7.87632 15.37375 8.48036 -77.03 65.15 -26.36 3.027e+12 -8.726e+12 3.485e+12 0.06606 17.75626 3.2467e+12 3.8295e+12 2.9137e+12 2.6640e+12 1.5818e+12 26.28879 14.33 0.03455 0.69556 0.66658 44.87333 -3.31128 -6.41841 0.7821 -1
38 -1 1.165e+12 168.61 138.39 214.815 33.500 14 12.97486 15.70254 10.89114 29.92 -40.56 -45.73 5.248e+12 5.304e+11 -1.113e+12 0.14019 33.50016 1.1655e+12 1.1655e+12 1.0822e+12 5.8275e+11 8.3250e+10 15.77870 0.00 0.09966 0.54121 0.01511 18.69262 1.77219 27.85103 0.6814 -1
