239042.530000 493844.670000 372467.860000
15844.390000 225375.670000 502770.360000
392730.290000 387797.580000 320212.430000
478985.780000 327124.660000 157561.980000
438315.950000 239588.270000 505061.220000
153142.040000 124111.210000 146757.580000
229060.240000 189118.000000 291651.610000
425077.510000 180175.520000 500015.620000
30297.190000 353733.220000 76070.190000
49906.100000 197178.940000 17933.250000
100278.850000 507186.370000 123357.970000
394957.340000 387981.510000 320463.380000
369958.100000 16762.750000 34527.590000
132715.350000 58277.490000 299901.370000
93198.830000 282792.540000 349467.320000
200480.550000 464690.640000 162114.110000
115982.320000 477470.030000 61014.590000
494709.350000 90783.040000 464209.960000
30902.860000 493039.790000 414898.590000
218574.600000 316866.970000 131138.320000
202451.220000 463971.440000 161915.010000
280321.200000 252595.120000 150701.450000
300657.710000 254044.630000 445983.490000
474312.590000 142122.250000 201230.030000
509668.240000 354245.970000 397016.970000
369187.560000 25083.950000 40451.390000
464287.810000 253547.580000 182317.170000
68968.290000 10536.060000 48361.510000
429805.630000 448540.500000 72383.600000
387243.900000 47030.090000 227772.000000
173498.230000 287961.060000 476456.970000
484859.070000 8047.800000 450694.340000
218144.680000 316502.690000 129030.360000
202996.310000 464861.110000 162147.740000
483237.670000 429464.780000 320893.710000
140857.320000 489437.930000 394792.420000
96889.480000 329665.680000 187121.750000
285178.440000 503425.140000 128867.140000
250726.170000 231184.570000 286778.200000
323478.880000 281872.620000 324736.300000
330263.670000 283185.360000 397300.320000
157504.810000 401982.420000 146378.570000
229083.310000 118170.870000 415680.600000
349705.380000 456668.460000 92127.330000
425016.570000 181284.970000 503250.790000
216604.600000 277243.070000 338264.280000
434750.210000 435333.310000 129743.090000
495337.770000 91961.500000 463602.840000
229565.170000 118709.760000 417863.340000
226924.970000 160549.300000 140715.060000
20042.920000 21067.810000 94919.710000
244277.740000 471061.430000 222407.290000
273490.780000 155333.450000 408967.650000
465748.110000 372906.400000 451268.890000
98510.100000 330944.700000 188378.750000
426674.650000 180767.680000 503106.510000
61332.960000 476599.850000 81070.590000
150840.760000 1147.510000 113459.240000
394245.570000 17638.230000 474550.350000
17274.250000 8404.910000 77785.190000
381128.170000 337734.130000 331313.780000
471738.280000 198587.250000 491565.000000
196369.840000 497812.530000 143109.280000
265181.850000 89192.610000 395535.890000
508573.760000 369267.910000 66725.330000
30836.480000 491957.090000 416499.150000
18786.470000 112706.490000 160954.670000
325960.600000 283355.560000 325540.040000
97229.930000 334883.820000 202163.410000
296506.320000 463562.840000 326280.400000
246252.560000 373146.730000 393438.540000
275032.440000 154497.530000 409231.870000
221228.270000 359458.370000 333856.690000
478938.200000 328690.060000 157148.930000
444846.310000 357237.920000 482891.480000
430172.700000 327099.090000 299476.070000
219270.310000 360661.250000 334789.920000
291566.930000 461613.340000 328460.240000
364173.130000 24120.470000 330872.250000
496453.550000 49416.380000 302019.130000
6336.030000 309240.540000 12907.210000
152670.780000 289175.230000 113251.590000
211370.910000 372265.110000 94898.400000
508279.270000 369204.900000 66714.130000
151495.700000 172716.490000 278756.160000
495442.200000 91138.920000 463858.980000
368647.580000 185354.430000 468687.990000
16427.320000 9726.830000 77823.150000
383936.460000 293597.140000 69580.640000
485807.740000 5684.680000 450651.340000
206614.170000 205830.920000 368874.690000
370342.500000 17066.800000 33686.860000
172551.070000 97530.380000 310348.020000
19762.250000 21568.380000 97230.180000
162027.570000 345557.950000 430971.040000
445696.780000 356734.500000 482894.070000
115680.450000 231305.310000 135112.270000
498932.530000 367127.230000 452595.370000
115194.280000 478516.720000 59912.650000
27805.010000 408504.330000 37361.320000
425483.120000 181438.230000 504433.750000
508378.050000 341564.030000 15132.630000
407769.040000 394046.230000 329978.910000
272980.290000 156246.020000 407967.710000
502092.830000 367342.160000 467114.260000
259788.540000 496336.610000 131262.790000
229152.850000 188532.470000 292425.260000
488519.990000 153521.740000 91705.820000
228416.820000 117272.770000 416531.740000
379821.110000 335126.250000 332912.780000
17639.970000 111478.940000 160267.380000
6058.780000 309745.760000 12605.150000
393058.070000 501323.910000 479553.040000
508631.900000 341957.150000 15782.510000
172912.310000 97196.620000 311624.150000
211357.650000 373752.690000 95340.710000
186635.390000 85809.440000 324100.590000
27603.700000 410263.000000 37919.200000
217421.400000 206977.050000 440374.820000
271431.030000 281810.790000 8782.050000
56137.390000 86139.450000 104465.130000
28493.930000 409070.740000 37751.790000
290479.430000 463070.860000 328522.310000
416392.240000 27639.640000 457196.560000
273846.100000 154657.960000 409779.790000
238934.600000 494801.480000 371763.700000
216492.020000 125997.500000 430126.710000
435925.200000 434686.490000 128606.900000
479929.350000 329451.110000 157915.300000
265727.940000 407667.110000 48331.250000
496205.990000 48445.030000 301154.690000
219349.900000 361898.930000 334353.490000
115548.140000 190711.300000 126337.590000
342589.540000 365792.880000 333567.540000
213746.860000 108425.390000 415080.110000
380709.200000 20998.730000 438095.520000
501373.080000 365838.900000 451383.940000
509175.960000 186130.910000 470536.350000
157992.260000 401357.300000 144788.970000
93187.400000 283953.640000 347305.360000
481838.130000 104394.910000 466241.850000
229684.520000 188803.530000 291760.710000
28564.880000 407567.570000 39278.690000
19007.390000 112215.810000 160662.480000
389269.170000 390880.580000 326589.970000
394720.860000 327708.250000 158216.510000
482116.940000 15649.570000 447534.270000
386197.880000 353008.700000 249599.980000
370545.780000 185370.240000 469600.010000
134486.560000 244026.030000 265523.590000
360024.260000 131991.810000 216549.820000
28422.040000 287185.060000 102404.820000
227781.230000 160853.410000 140064.790000
55806.390000 86905.820000 103280.680000
51965.720000 292458.950000 195450.350000
394992.310000 387773.320000 322398.280000
208174.770000 373975.620000 97105.850000
376148.250000 406365.140000 484135.500000
214152.480000 109272.890000 416315.340000
419921.690000 123825.200000 93963.550000
427396.910000 122113.050000 216863.720000
171750.260000 102771.550000 90913.290000
97380.280000 70704.930000 356723.630000
381315.700000 337293.700000 331080.200000
437139.590000 434590.420000 129646.710000
436542.110000 437162.690000 129612.530000
55320.820000 225102.570000 470185.790000
16811.530000 9152.120000 78384.680000
427724.000000 244209.150000 90333.680000
51335.850000 292452.120000 195743.440000
475528.050000 139281.360000 202340.760000
381190.860000 335188.290000 332930.210000
54655.050000 138041.350000 327591.640000
478441.860000 329076.900000 158245.770000
508621.490000 185412.380000 472430.970000
50159.130000 200035.000000 17701.760000
238688.200000 147004.140000 377256.650000
299862.210000 253022.840000 446497.620000
371887.570000 330219.180000 336268.860000
209434.780000 373026.430000 97290.610000
267896.090000 381603.910000 114261.210000
389450.380000 389112.490000 327325.070000
371703.000000 325120.240000 340565.430000
498897.980000 239301.930000 129523.390000
164260.300000 86161.310000 282965.850000
393961.360000 500353.490000 480503.450000
395222.440000 328086.700000 158521.910000
416914.120000 10691.970000 90299.270000
8871.920000 504208.440000 274580.840000
469904.390000 126940.770000 444165.040000
16956.360000 226137.650000 503480.770000
192562.390000 57621.440000 114675.670000
70444.640000 15521.720000 44526.290000
431491.820000 448964.020000 74119.270000
280115.750000 252389.070000 152654.270000
409983.920000 191419.740000 199745.240000
172014.830000 102550.740000 90346.000000
50772.140000 292037.380000 194735.030000
219391.510000 360018.980000 334657.410000
422465.910000 179664.510000 500852.230000
153872.800000 289682.100000 112925.840000
128802.540000 263241.550000 68372.670000
502069.700000 368827.270000 465281.130000
484263.340000 430270.200000 322368.650000
28731.900000 288275.180000 102130.650000
209648.560000 374879.970000 96461.770000
274313.840000 156397.000000 408543.790000
219155.470000 361619.450000 334853.150000
247832.980000 468355.770000 91811.940000
387194.150000 329452.510000 153787.980000
177928.820000 255821.300000 477874.150000
191153.590000 57612.620000 114470.280000
209182.010000 102603.350000 6251.820000
280524.930000 252919.620000 150407.810000
222577.270000 360235.260000 336262.270000
420750.890000 377755.550000 343860.140000
441427.830000 495706.630000 150725.390000
368681.950000 26023.380000 41217.540000
472131.500000 197954.740000 492397.370000
197271.500000 498396.510000 144304.240000
453394.530000 418331.360000 105265.410000
393771.360000 388365.390000 322677.400000
39707.480000 343381.350000 279405.850000
116697.220000 234024.140000 134959.090000
189255.980000 104570.530000 286798.130000
445185.670000 299829.900000 211685.360000
259099.580000 497195.470000 130656.620000
372615.420000 330968.480000 335017.460000
221021.680000 359056.000000 334957.520000
100652.810000 333960.170000 204175.290000
484361.820000 429022.920000 321142.300000
428172.640000 121686.330000 217048.750000
296194.820000 238595.600000 7952.520000
384813.570000 329003.360000 154732.410000
427565.190000 120291.070000 217395.510000
97907.400000 332842.800000 201902.190000
294092.250000 499318.600000 103049.920000
86234.590000 128402.650000 338717.160000
238667.830000 494440.520000 371341.580000
371333.400000 16559.380000 33505.070000
264326.050000 87990.780000 395003.780000
498958.190000 240689.510000 128226.410000
286067.050000 503579.350000 127665.370000
206801.830000 204751.390000 368158.750000
24130.380000 462070.650000 279841.550000
115216.550000 479185.730000 60171.550000
386351.530000 352658.910000 249230.510000
142661.620000 162898.510000 437480.530000
344229.100000 109156.010000 243849.980000
97700.020000 329479.710000 188804.920000
429095.310000 121690.380000 217201.750000
232602.250000 471361.420000 215372.250000
191307.850000 393905.980000 65746.560000
416169.560000 28340.780000 458987.730000
175395.400000 119827.960000 317404.420000
97540.420000 70273.460000 355275.090000
210959.530000 374098.690000 94996.130000
156181.790000 105989.690000 316489.870000
8806.490000 503809.300000 274969.450000
174071.690000 346481.720000 445950.070000
485449.070000 7211.240000 449375.430000
142210.820000 203170.230000 126088.950000
263347.840000 478808.110000 399371.060000
210777.880000 135370.990000 407069.090000
173064.590000 288653.720000 476314.030000
285725.430000 503912.810000 127346.980000
153446.580000 124869.310000 148495.350000
499317.570000 236954.280000 128026.610000
150568.880000 1503.420000 113150.250000
157275.470000 402668.460000 144647.640000
453017.910000 418060.240000 107055.070000
506733.550000 340012.180000 14347.250000
370201.420000 17404.700000 34435.710000
19503.990000 22178.020000 97642.900000
383219.360000 113834.370000 293999.360000
369305.880000 17991.400000 34064.000000
508143.830000 416814.150000 59254.320000
206638.840000 205732.470000 369168.910000
438140.260000 240052.830000 505724.910000
407883.300000 191592.670000 198684.450000
485331.600000 66173.100000 54890.690000
299545.410000 252850.680000 446094.510000
478311.310000 328123.600000 155788.590000
70607.450000 18048.900000 43345.730000
209159.190000 204230.410000 367730.800000
409965.360000 191587.540000 198824.620000
383636.930000 114024.380000 295287.810000
162458.660000 343838.230000 433294.460000
404029.240000 14706.980000 232502.090000
393667.600000 501090.360000 479016.750000
275148.070000 155499.300000 408738.590000
29124.020000 353639.890000 75067.960000
475605.620000 321069.340000 31247.960000
294411.710000 499125.490000 104278.040000
480114.040000 31146.830000 361290.890000
163773.880000 207351.150000 66575.900000
84299.420000 128389.360000 339667.690000
214182.690000 109836.170000 415090.670000
98893.590000 507204.990000 122072.040000
418775.510000 28348.750000 457651.060000
246471.940000 289991.420000 367384.340000
371603.420000 328961.240000 333971.830000
395558.170000 500333.470000 479939.580000
391143.310000 292118.350000 233324.980000
250172.870000 468721.650000 90766.910000
436724.850000 241684.570000 505618.160000
247564.740000 468034.210000 91520.740000
295441.100000 462173.340000 327979.160000
386633.450000 351551.210000 248542.500000
56707.170000 87198.230000 104442.030000
85294.040000 129041.900000 340256.840000
155915.330000 106529.210000 316634.640000
509832.670000 187746.030000 471139.340000
275052.700000 155789.320000 408283.200000
337608.520000 303067.780000 163630.050000
395479.280000 387456.330000 215772.320000
342170.900000 442938.750000 276952.210000
223106.870000 372421.690000 163707.260000
504093.110000 205210.360000 87233.220000
359460.850000 168224.180000 239965.680000
380848.110000 21258.690000 437385.380000
275673.740000 154187.960000 409243.840000
202767.590000 31545.790000 246014.820000
96872.070000 71607.790000 354951.290000
4759.770000 309610.960000 12241.600000
437683.500000 240452.640000 507003.720000
244396.680000 471433.470000 221821.330000
454484.130000 275562.160000 166310.320000
441386.840000 494953.280000 149752.000000
341453.800000 364987.850000 333467.470000
270574.340000 281962.650000 7356.310000
338691.650000 303062.290000 163518.280000
406578.090000 17127.080000 462136.990000
271612.820000 283245.060000 8387.070000
468864.440000 506981.450000 81389.530000
394547.940000 387132.840000 319927.340000
372244.840000 325016.910000 339533.690000
276138.520000 154687.730000 408608.640000
150578.830000 1005.590000 113977.570000
162635.250000 345762.630000 430509.670000
231628.300000 472150.240000 215697.170000
159334.610000 401934.810000 145038.600000
259801.330000 498072.780000 131091.830000
150923.290000 2154.670000 113166.920000
341691.960000 445082.730000 276313.480000
449486.360000 289180.940000 438828.400000
189083.130000 106003.330000 287020.390000
273787.290000 155008.410000 408421.810000
260410.400000 499256.010000 130301.420000
114993.750000 190158.400000 128732.100000
223210.390000 373787.690000 165541.660000
171392.290000 101859.120000 90942.240000
445388.090000 356896.510000 481985.050000
215299.870000 278490.880000 339388.030000
401568.700000 114765.830000 95082.180000
457358.310000 182535.200000 370909.030000
392290.130000 17504.870000 474125.520000
338324.460000 484375.580000 72603.780000
453261.410000 418783.080000 105598.720000
421338.260000 125379.530000 93439.770000
428750.060000 120049.070000 217324.920000
247569.320000 468737.430000 90787.630000
192026.690000 58356.040000 115539.790000
360315.430000 167726.140000 240742.810000
52428.990000 294231.450000 194309.360000
482358.250000 429064.030000 321728.390000
187894.930000 86672.550000 326036.530000
274267.330000 155176.590000 408385.710000
139377.990000 167723.280000 443369.900000
190596.330000 393913.150000 64124.580000
316720.340000 224748.280000 470623.780000
348489.350000 456882.630000 94065.760000
192981.280000 56903.740000 114683.860000
449001.340000 289604.100000 438932.100000
256774.570000 61330.690000 407381.410000
129967.760000 264212.770000 68275.890000
129603.150000 263112.490000 66924.750000
376866.550000 406964.970000 482280.460000
368610.230000 24187.030000 41955.840000
220435.940000 358577.180000 335434.510000
481296.750000 104982.830000 466041.290000
503292.080000 366798.860000 466863.310000
440399.320000 510078.030000 81089.230000
215118.650000 127801.450000 429010.160000
369621.090000 17303.670000 33713.420000
35641.360000 211527.920000 42463.020000
453825.290000 275806.270000 167219.700000
382470.120000 336193.730000 332259.610000
213483.340000 108896.540000 416793.820000
498427.890000 239215.120000 128491.060000
9599.530000 503214.570000 275970.400000
215388.890000 126236.630000 428726.410000
344778.410000 107329.670000 244541.930000
364078.670000 23669.880000 328615.910000
143747.540000 163237.690000 438209.350000
191271.640000 24317.580000 289848.330000
323673.070000 283264.770000 327059.050000
481571.780000 104768.840000 466837.430000
287651.610000 503733.460000 128623.860000
487164.460000 6136.150000 451712.550000
115956.550000 191997.500000 127427.060000
489270.480000 153304.920000 89975.020000
19334.850000 110398.830000 160780.180000
93767.640000 284029.210000 348356.110000
227134.250000 181203.080000 371580.080000
394815.830000 503158.940000 478402.400000
177190.670000 255540.660000 477223.210000
70981.140000 448556.490000 252051.410000
212192.540000 189681.730000 369440.980000
268558.170000 380225.950000 114621.160000
33097.300000 361954.410000 81965.700000
28567.400000 408249.970000 37275.710000
342394.650000 445111.020000 276677.890000
192891.690000 22974.580000 289690.830000
209385.700000 135774.540000 407611.690000
142676.350000 489406.400000 393606.960000
367572.750000 186012.920000 469046.450000
215136.440000 110200.100000 415207.670000
289322.970000 460644.440000 328395.450000
192471.630000 25041.320000 289996.800000
383928.010000 293144.440000 69238.140000
469359.250000 506772.670000 81063.570000
418347.690000 27124.520000 458150.820000
381134.670000 292249.420000 68235.020000
341102.170000 366547.490000 333475.370000
210769.550000 134804.820000 408046.260000
145551.500000 118426.700000 507909.820000
431183.560000 449265.010000 74159.590000
145142.330000 117697.780000 508722.020000
66746.920000 11076.120000 47796.200000
202899.060000 464801.940000 162545.550000
371565.610000 325018.070000 338106.410000
49411.710000 198164.030000 16543.690000
349824.950000 274757.900000 46214.450000
192322.270000 23430.370000 289431.300000
5560.960000 310026.950000 11318.680000
207931.270000 204259.090000 369763.890000
381534.640000 365355.560000 261392.270000
464911.040000 372005.310000 450347.840000
441304.630000 495156.740000 151599.000000
163910.020000 86279.580000 282898.560000
246004.070000 372556.430000 392873.320000
97555.250000 333686.890000 201256.470000
6094.230000 311345.760000 12279.110000
144784.850000 162360.410000 438761.290000
359212.800000 167020.490000 240857.280000
52781.380000 293691.560000 194543.120000
172263.180000 345592.740000 446759.370000
195475.690000 498705.810000 143686.580000
394787.870000 499954.800000 479708.010000
374273.990000 329731.750000 335866.640000
372821.780000 331213.870000 335422.210000
68678.460000 11478.400000 45825.500000
342059.720000 444860.410000 276329.040000
199812.870000 504370.090000 101050.320000
339100.860000 302692.170000 164761.580000
338923.650000 303794.650000 163932.530000
481055.760000 31780.240000 360379.000000
8646.610000 504085.240000 276487.920000
262727.360000 478845.610000 398017.610000
248220.500000 291519.040000 367169.280000
487194.000000 5573.760000 450945.470000
209545.550000 372131.070000 93736.380000
348555.970000 456832.670000 92730.310000
465451.200000 373342.410000 450401.950000
144710.600000 162822.020000 438268.250000
266074.550000 406756.990000 48103.960000
129732.790000 485128.850000 80761.080000
93967.900000 127678.730000 358260.680000
385659.060000 328478.490000 155271.040000
380239.440000 335779.940000 332482.270000
487029.600000 5566.640000 450290.340000
143254.240000 163917.100000 438012.970000
371264.980000 325368.260000 339997.920000
337910.190000 301890.410000 164041.870000
294552.490000 499912.750000 103739.390000
214212.590000 110299.910000 416283.780000
29098.760000 353106.780000 76885.640000
172564.250000 101911.100000 90343.740000
469396.000000 505488.250000 81437.640000
453053.220000 417874.420000 105413.200000
444173.000000 359108.520000 482873.410000
49022.770000 120051.990000 161791.410000
55286.160000 86839.260000 103317.990000
227763.260000 158942.170000 139923.340000
438627.010000 242323.620000 506352.200000
19418.130000 112037.920000 160785.020000
267813.080000 381909.090000 115706.290000
426784.360000 120358.130000 217138.140000
91547.530000 282708.160000 348344.420000
30675.150000 493413.850000 415375.210000
98262.860000 329707.120000 187253.590000
422933.840000 178870.650000 500589.660000
67887.880000 11242.060000 47033.170000
475176.300000 141152.570000 202470.380000
31810.910000 494629.970000 349252.930000
444535.640000 299739.070000 211197.770000
141150.210000 203714.110000 126863.950000
395290.250000 501309.780000 478291.140000
481617.490000 105159.010000 467702.090000
347850.590000 458339.080000 92695.690000
317247.310000 223669.080000 472300.900000
230947.750000 472930.760000 215817.050000
140246.540000 166787.400000 443748.290000
54442.500000 224164.790000 469553.960000
149539.990000 173674.760000 278193.790000
96571.910000 507809.300000 124340.390000
151571.320000 2007.830000 111566.580000
380744.380000 335776.520000 332765.080000
369012.120000 184875.490000 470626.770000
238696.590000 494393.740000 371840.610000
100818.340000 334885.010000 202401.050000
18160.180000 111626.510000 159181.120000
444227.630000 301348.970000 211849.170000
509499.910000 417399.750000 58068.560000
431233.890000 448039.090000 72873.340000
55869.630000 87108.840000 103827.290000
450268.340000 288465.940000 439474.550000
382364.990000 293563.110000 68382.510000
449937.130000 358098.140000 489348.480000
418870.700000 379045.780000 344586.640000
220851.440000 281967.070000 350718.690000
467905.670000 506925.140000 80761.830000
257540.100000 59829.500000 408108.580000
19197.400000 21695.470000 97045.560000
173276.260000 97122.850000 309872.040000
227072.130000 118706.070000 415726.720000
405878.140000 18082.440000 462384.700000
380887.630000 21750.410000 437212.890000
96914.250000 70449.810000 354739.350000
50405.430000 197635.600000 17135.280000
239858.400000 145988.540000 379405.430000
501864.870000 365901.250000 452228.090000
507286.320000 368607.510000 66610.440000
430284.270000 450149.110000 72475.690000
128193.710000 263433.530000 68935.630000
264525.790000 87021.580000 396324.860000
316035.740000 224201.780000 471062.870000
221456.440000 280675.020000 349813.290000
429669.950000 450076.140000 73794.980000
15902.390000 225975.520000 503463.590000
449948.090000 357568.050000 488643.070000
392254.150000 291797.940000 231596.250000
497063.260000 48468.600000 301030.980000
97256.650000 328876.950000 188180.540000
176206.590000 118442.150000 317355.800000
337776.340000 301354.130000 163072.750000
188925.770000 86104.540000 325502.470000
71122.880000 16573.260000 43773.060000
445803.190000 358754.330000 481160.770000
246009.020000 372189.300000 392941.560000
32136.300000 494413.850000 349011.960000
245736.180000 471441.650000 222268.400000
177098.360000 255592.730000 477797.730000
67093.640000 11933.640000 47963.250000
211705.920000 189774.750000 370544.340000
17715.660000 225949.600000 504169.340000
98574.970000 329223.970000 188557.650000
210088.010000 372811.490000 97972.720000
68305.210000 11603.580000 46443.660000
194942.170000 497960.420000 143681.850000
207555.710000 371285.520000 97075.780000
220934.360000 360365.810000 334354.190000
372128.970000 325593.350000 340395.260000
202966.660000 33217.890000 246784.520000
257657.680000 60489.500000 407733.890000
69644.490000 17760.140000 44080.590000
437801.390000 241497.120000 506975.460000
251219.020000 231624.190000 286188.290000
429280.760000 326021.850000 299326.390000
261886.690000 498079.190000 130544.400000
429992.950000 448320.560000 72680.060000
229756.260000 119127.710000 414732.700000
14943.180000 226293.110000 503098.480000
290594.020000 462030.790000 327566.220000
469832.640000 198079.440000 490741.180000
345314.120000 106698.350000 244209.380000
39126.580000 345001.950000 278278.750000
19210.350000 109767.280000 160742.980000
211382.870000 190599.150000 368271.940000
274476.010000 154054.120000 408968.350000
337844.020000 303618.410000 163373.120000
289711.210000 461499.050000 330247.340000
417589.390000 29544.530000 457596.980000
149416.210000 172744.930000 278314.270000
427647.190000 243608.370000 90170.200000
264267.700000 89725.090000 394770.420000
348333.500000 457112.980000 93151.350000
510522.190000 353034.880000 396509.920000
498144.590000 240052.760000 127981.450000
93520.470000 127807.610000 358161.190000
196750.500000 499142.670000 144086.560000
192033.450000 394274.320000 64625.760000
228861.690000 188686.780000 291182.010000
153673.520000 124093.670000 148871.570000
476101.810000 320847.110000 32995.550000
172138.150000 97943.400000 310777.740000
237621.550000 492575.290000 373792.690000
404744.320000 13282.910000 233961.980000
132743.290000 57520.960000 299958.280000
300624.020000 253613.190000 447882.420000
382124.450000 292941.440000 68019.300000
215995.440000 209373.540000 441372.740000
40271.070000 344657.380000 279811.520000
424650.360000 180010.760000 501473.020000
209260.590000 102792.420000 6606.840000
17604.950000 9339.270000 77712.800000
427602.050000 121897.680000 217135.270000
381551.850000 336769.840000 331055.240000
372584.470000 329726.560000 334904.720000
263605.990000 479358.860000 398250.430000
450158.140000 358958.070000 487683.840000
348350.890000 456893.800000 92058.420000
408540.890000 191293.230000 197817.090000
474452.760000 320031.520000 31778.100000
293046.390000 363163.360000 100551.220000
208017.330000 204805.100000 367965.940000
217101.150000 484185.090000 200360.990000
215682.750000 126549.930000 430687.230000
509789.000000 356322.240000 396699.250000
497700.380000 48843.980000 299834.350000
55629.100000 87632.640000 103969.570000
32687.440000 493364.590000 349269.740000
215077.000000 207195.190000 441111.240000
344711.430000 109389.760000 244371.440000
367884.640000 186246.540000 469522.060000
157166.960000 402509.310000 146572.680000
116447.240000 190569.080000 127560.360000
389060.000000 390489.530000 327657.780000
395232.790000 501349.090000 477445.620000
373282.680000 330750.610000 335797.120000
227838.880000 158717.130000 141674.210000
172604.810000 103406.560000 90224.940000
470359.530000 507122.860000 79860.510000
251277.880000 230679.200000 286607.060000
272285.340000 283238.650000 8373.500000
373711.980000 331040.830000 335201.320000
174732.640000 118873.730000 317700.040000
192634.450000 57839.990000 115056.900000
67153.130000 10504.240000 46811.250000
31294.810000 363103.420000 80453.340000
403484.560000 117035.800000 96762.780000
501288.850000 365676.790000 452629.490000
39746.810000 343901.580000 278514.590000
268101.140000 382140.170000 114721.410000
395583.470000 501265.690000 479252.380000
178677.490000 254908.650000 477145.630000
248306.850000 469052.830000 90712.010000
43187.070000 150293.590000 317522.490000
393829.130000 16773.950000 474373.050000
294866.330000 498351.350000 102715.810000
263427.030000 479944.550000 398626.400000
232081.890000 472037.380000 216091.310000
150015.430000 173514.970000 278640.350000
27529.170000 98331.430000 453290.860000
231613.740000 473394.380000 216565.320000
417674.560000 27431.220000 458688.020000
213461.960000 109302.210000 416004.360000
214491.870000 108634.770000 415293.610000
51740.180000 291504.240000 194607.010000
501192.020000 365771.910000 465646.790000
208709.720000 373168.880000 97998.580000
468874.020000 504692.960000 79352.200000
394788.510000 500257.480000 478582.310000
191740.590000 58873.020000 115113.170000
394642.330000 17673.480000 473421.360000
425685.420000 180256.730000 504449.550000
445954.590000 358888.340000 482973.450000
464508.580000 253436.860000 181418.560000
191320.880000 23861.990000 288646.820000
368135.740000 25022.790000 41449.630000
371558.110000 379634.030000 391633.450000
224597.310000 497257.930000 6508.080000
193024.810000 57274.970000 115857.220000
158916.400000 403098.850000 144030.990000
459156.920000 181800.220000 371768.490000
464287.630000 253014.470000 179457.180000
20416.030000 22674.390000 97693.630000
395003.330000 501322.540000 478090.790000
428876.010000 245206.600000 89629.200000
316225.010000 231045.500000 447238.800000
32176.110000 494907.750000 347924.900000
259952.550000 496680.630000 129744.570000
336786.130000 302253.050000 163918.980000
425233.220000 179996.510000 501140.200000
220378.040000 360204.560000 334568.600000
347430.360000 457010.470000 93454.930000
77099.200000 387404.240000 424483.550000
69058.370000 448808.070000 251175.550000
188892.640000 85938.170000 324503.540000
429523.620000 326883.330000 300448.460000
270918.370000 281426.300000 8191.270000
435857.700000 437373.200000 128436.710000
35143.580000 211498.410000 42347.210000
449579.800000 288183.290000 438901.120000
134575.810000 58092.580000 299246.580000
380767.970000 20940.090000 439496.030000
201206.090000 465255.620000 164138.900000
25286.260000 461676.910000 279332.460000
172213.010000 102765.400000 89693.180000
266362.920000 406749.360000 48705.920000
53792.240000 137216.830000 327005.620000
133966.690000 57238.620000 298694.120000
395070.860000 386941.530000 216031.170000
69309.700000 448887.760000 250740.550000
153381.040000 289072.750000 113290.990000
230162.770000 117878.620000 414589.810000
404421.110000 14925.120000 233993.560000
132915.120000 58055.150000 298227.330000
3284.150000 502342.680000 452040.040000
496194.610000 48214.940000 301039.150000
26839.580000 409361.080000 37485.270000
18822.950000 20885.630000 96765.110000
251713.320000 228856.280000 287604.740000
48742.160000 118611.660000 162253.590000
430889.860000 449380.490000 73313.280000
93763.720000 126980.450000 357260.830000
386512.330000 329017.330000 153154.630000
430097.900000 327581.360000 299898.250000
404453.740000 14883.930000 233440.510000
430252.870000 448719.120000 72906.410000
291228.700000 463337.280000 329291.720000
50873.540000 197902.210000 16152.840000
502661.560000 206184.370000 88658.100000
162293.750000 345736.080000 431658.970000
440370.670000 508917.690000 80668.690000
507942.170000 417568.730000 59221.020000
196929.820000 498587.740000 144585.540000
173779.390000 97652.930000 309887.210000
431112.950000 450139.980000 72437.900000
263427.340000 88148.320000 397569.000000
337692.380000 301259.640000 164543.880000
266495.240000 406074.860000 49785.400000
484604.370000 66791.010000 54868.390000
2325.500000 502744.870000 454657.960000
15801.260000 10726.520000 78969.280000
370098.630000 186270.110000 470024.170000
387059.750000 49491.050000 226944.290000
150290.760000 172739.870000 277625.090000
113102.370000 479550.050000 60851.700000
380719.210000 22075.680000 438889.800000
164221.890000 207961.810000 65985.020000
501171.330000 365917.820000 452304.350000
207778.870000 372231.140000 96196.670000
380403.440000 335162.290000 333577.390000
212035.140000 189883.500000 370137.820000
295140.620000 239008.470000 9326.990000
382189.480000 293947.360000 67925.220000
31036.510000 492541.720000 417030.060000
497942.870000 47679.730000 299419.250000
473862.090000 319951.170000 32170.790000
391971.100000 139351.030000 105015.690000
210145.920000 189682.980000 369912.960000
280428.990000 252009.830000 151123.110000
392167.970000 293580.690000 232475.450000
496060.030000 48425.970000 300519.350000
266252.500000 407679.930000 47829.480000
116248.570000 233385.510000 135684.650000
115030.570000 191248.660000 126560.740000
344501.860000 280233.980000 263675.260000
367753.910000 186486.950000 470076.600000
115081.230000 233173.920000 136463.970000
379138.120000 336825.230000 333333.770000
163571.040000 345609.310000 432111.850000
394244.140000 328324.740000 158378.510000
210255.950000 101988.430000 7140.060000
212882.000000 109298.680000 415947.750000
329712.220000 282727.110000 397716.800000
387338.710000 48263.180000 225578.480000
219147.020000 360752.870000 335645.810000
348245.270000 457542.970000 92259.780000
502117.800000 367258.270000 465242.890000
380102.330000 21566.420000 438670.960000
227350.540000 159816.740000 141657.930000
271670.960000 281602.020000 7684.290000
428320.100000 244254.650000 90341.530000
231982.040000 472586.060000 215424.330000
285343.870000 503332.700000 127631.030000
27537.110000 98235.390000 451193.420000
493886.900000 92218.780000 463906.680000
272539.640000 154734.820000 409646.240000
509591.400000 416810.420000 57296.760000
392063.930000 292070.070000 232275.360000
509873.170000 354327.390000 397460.850000
162849.110000 87345.320000 284303.160000
245990.880000 35127.060000 115221.530000
263380.310000 478676.450000 396878.510000
70445.860000 16679.010000 44973.590000
453331.970000 416234.010000 105900.620000
29411.820000 352840.850000 75917.420000
468767.610000 126210.760000 443781.800000
502319.790000 367477.840000 464880.370000
503665.680000 205868.070000 87475.330000
52992.550000 138361.270000 326700.290000
482584.960000 428793.610000 321780.520000
151112.490000 2367.620000 112745.310000
290911.250000 461815.490000 329954.160000
33024.050000 494282.780000 349903.720000
229358.570000 189483.730000 293144.560000
510637.820000 354650.630000 397583.770000
252457.050000 229765.440000 288007.200000
316195.770000 230135.360000 448238.310000
481697.300000 16667.630000 447741.460000
152526.950000 288942.930000 112881.010000
245176.010000 471769.040000 223731.580000
26570.760000 409920.200000 38444.920000
469231.080000 506195.500000 79410.170000
435446.320000 435684.420000 129736.590000
435548.520000 434744.630000 128015.210000
260976.810000 497858.090000 130566.860000
457809.970000 183759.450000 371616.330000
401369.230000 116414.080000 96941.160000
94526.920000 128020.570000 358533.110000
249147.950000 469388.730000 89992.800000
497017.880000 48009.270000 299066.470000
238707.960000 494897.580000 372094.270000
70558.990000 16327.200000 44920.670000
291523.320000 461663.120000 329081.700000
317981.380000 223053.360000 471365.360000
468296.110000 126890.240000 445496.090000
55470.180000 138137.300000 326771.240000
219150.700000 358276.030000 335427.800000
430902.190000 450538.480000 73751.970000
191042.400000 394513.280000 65239.590000
150056.270000 172811.420000 279053.770000
479185.420000 32249.890000 362342.830000
16811.220000 8128.320000 77418.620000
18836.570000 21437.490000 95500.050000
292760.530000 365566.860000 100339.840000
208953.990000 204490.300000 368212.710000
251465.880000 229756.000000 286914.730000
248448.040000 469484.070000 92005.420000
191332.460000 23979.740000 289574.490000
394182.250000 19291.400000 474375.950000
418863.010000 28785.540000 458060.390000
385301.360000 328935.460000 155273.830000
251350.140000 230044.170000 287399.140000
175243.680000 119803.170000 317120.000000
431030.980000 449772.090000 73352.410000
500041.900000 366118.930000 452925.540000
256835.270000 61081.890000 407847.630000
96691.410000 330642.270000 187464.610000
347943.820000 457186.800000 92284.290000
8671.020000 505234.860000 275021.820000
228370.730000 159410.420000 140851.990000
418476.200000 29219.050000 458638.730000
7785.120000 503747.800000 275334.870000
191100.370000 23591.880000 288470.180000
15379.420000 10314.000000 77864.410000
173990.360000 345291.200000 447068.600000
84280.560000 128517.460000 339141.270000
28775.480000 288044.740000 102563.580000
366869.200000 131467.120000 196022.950000
478695.530000 328506.590000 156729.160000
93984.570000 283731.140000 348310.610000
436153.930000 433510.160000 128536.100000
2655.120000 503520.870000 453513.580000
419200.010000 123965.970000 92877.220000
49124.430000 120684.980000 162163.330000
220929.180000 359891.140000 334976.840000
345068.700000 109040.950000 244795.670000
498004.850000 238277.310000 128058.490000
260959.140000 497647.160000 130971.080000
408038.850000 18131.610000 462443.480000
163603.670000 87512.780000 284012.080000
393351.720000 387677.150000 320573.730000
40414.750000 343958.530000 278922.360000
386453.120000 328248.540000 153963.870000
395579.560000 386917.690000 216759.380000
292640.140000 363754.330000 99630.170000
20866.910000 21442.770000 96285.100000
465853.490000 373591.770000 450499.510000
420121.120000 378393.620000 344217.040000
274231.410000 156061.920000 408455.780000
239715.470000 145740.710000 377875.150000
374000.730000 329332.820000 334518.860000
370044.710000 17583.290000 34297.630000
271937.810000 154814.290000 409822.850000
487735.020000 153090.770000 91426.260000
393893.280000 387062.070000 320534.910000
220878.050000 281467.440000 348899.050000
116548.620000 232025.760000 134173.140000
267789.640000 382473.600000 115650.760000
415946.230000 27511.100000 458033.450000
191937.700000 23139.450000 289835.080000
348002.780000 456875.120000 93682.790000
100527.690000 335097.960000 201925.350000
28202.040000 287158.720000 101981.670000
221177.080000 358819.120000 335756.230000
284532.290000 502526.280000 128740.130000
226824.680000 498099.980000 6617.060000
273917.420000 156490.740000 409030.790000
359583.250000 131476.240000 215760.120000
502357.090000 367783.940000 464553.800000
132058.820000 58543.820000 298954.770000
266360.870000 405319.430000 48863.780000
373351.870000 328839.570000 334692.870000
229515.200000 117439.710000 415451.810000
69239.040000 16914.720000 43216.390000
495357.880000 49091.270000 302984.530000
264380.550000 479666.660000 397104.550000
468850.860000 505135.990000 80760.170000
342059.420000 442971.680000 276932.220000
434582.340000 435436.520000 130743.610000
97476.610000 334913.450000 201825.580000
473050.750000 320539.700000 32547.330000
371124.020000 326115.940000 338541.140000
32222.160000 495841.460000 350619.080000
339354.000000 303143.740000 163899.080000
505618.900000 510791.020000 452022.460000
226808.930000 181697.490000 370476.590000
172879.460000 288636.900000 476881.900000
5655.560000 309506.990000 11598.720000
8911.180000 503661.870000 275463.710000
350129.790000 274996.490000 46969.350000
20032.850000 111475.810000 161197.360000
153969.540000 123051.030000 147921.890000
438212.340000 242461.290000 506376.620000
145680.800000 119109.950000 508809.140000
230179.550000 118976.250000 416314.240000
469352.570000 505696.200000 81805.370000
485795.810000 66411.780000 54104.860000
455373.540000 275685.180000 166400.590000
260635.990000 496401.340000 130320.590000
248882.630000 469441.960000 90917.320000
344297.970000 107373.620000 244816.100000
498229.100000 48664.290000 300329.190000
510343.870000 355192.990000 398029.510000
173435.260000 103383.860000 91227.050000
123573.190000 321568.480000 117643.300000
436424.930000 436518.370000 130405.700000
247901.900000 371094.510000 394252.990000
481380.830000 105042.820000 467139.560000
373025.820000 330029.940000 336925.930000
497485.170000 49732.210000 301557.890000
384158.910000 113579.080000 295401.820000
463266.540000 253903.920000 180454.320000
249227.290000 469230.960000 90854.230000
406208.310000 16702.910000 462156.710000
392950.990000 386200.840000 321908.750000
485402.860000 8001.400000 449955.470000
163156.050000 87132.660000 283912.320000
497270.660000 47276.100000 300482.390000
381326.970000 335371.980000 332489.870000
424218.290000 178725.780000 499682.980000
115920.530000 190704.240000 127967.680000
30956.820000 493051.480000 415808.350000
495980.770000 47787.110000 302294.680000
322988.040000 283282.010000 324999.180000
14904.810000 224904.050000 503970.790000
92306.620000 127928.390000 357487.950000
450629.880000 357636.290000 487437.160000
70079.880000 15900.000000 43644.310000
187913.600000 104612.880000 288883.480000
158058.700000 105952.450000 316586.180000
393690.250000 499528.590000 478596.710000
20365.380000 20673.860000 97143.790000
439524.320000 509323.090000 81791.340000
366258.180000 22453.290000 329188.140000
427762.540000 243252.910000 89584.710000
393626.830000 387729.000000 321284.550000
114487.050000 190320.420000 127053.460000
420275.850000 124376.050000 93608.510000
499804.810000 367090.330000 452296.200000
172711.760000 346502.080000 445331.910000
510179.200000 353941.130000 397785.860000
245957.730000 370861.360000 394237.180000
70371.090000 15901.210000 44879.670000
248076.930000 468752.380000 90485.310000
230018.080000 188491.360000 291784.090000
349468.870000 456920.440000 92134.280000
124618.190000 322618.010000 115822.430000
294992.250000 500016.720000 104386.680000
196386.860000 498558.440000 144255.100000
216301.740000 208355.380000 442175.510000
369670.290000 23332.920000 40797.990000
498814.670000 238088.150000 129953.570000
207122.450000 204518.450000 368325.960000
249453.320000 469745.420000 90068.730000
227099.040000 496857.240000 6240.210000
134541.920000 58349.080000 298529.880000
69798.410000 15338.760000 44032.410000
261957.490000 498817.690000 129748.780000
437704.070000 434989.440000 129179.890000
475170.320000 140447.310000 201626.390000
349779.050000 275617.100000 45639.450000
507815.830000 367987.490000 66659.860000
215502.430000 127158.490000 431564.970000
384569.460000 116020.490000 294293.150000
49531.030000 119418.120000 162545.200000
133728.810000 57547.600000 299080.170000
482779.540000 428335.850000 321224.550000
134170.940000 244799.420000 264697.300000
94847.470000 282195.500000 348911.130000
406891.720000 17879.590000 462455.540000
250795.810000 230779.620000 286963.500000
215140.900000 206657.140000 440992.580000
317607.240000 232295.170000 448289.640000
216239.500000 276981.260000 339320.650000
358345.150000 167183.900000 239888.640000
499539.670000 366820.430000 452229.430000
219365.080000 317823.940000 129108.200000
42446.820000 149823.430000 317414.920000
489143.190000 151645.480000 90974.730000
435839.630000 436450.900000 129978.240000
230271.090000 472186.220000 216557.690000
409270.020000 394456.020000 329490.510000
100132.850000 507342.620000 121779.620000
164895.450000 344922.850000 432786.560000
29021.980000 286434.420000 103321.990000
19450.520000 21871.600000 95892.630000
337837.460000 485861.760000 71411.960000
138006.390000 167335.300000 444086.670000
53765.790000 223287.980000 470149.600000
501609.590000 366868.040000 463596.590000
391817.660000 291781.860000 232582.320000
97785.450000 508157.930000 124672.620000
488651.920000 152809.050000 90365.400000
71100.900000 447208.340000 251699.110000
331119.350000 284443.480000 398096.340000
394004.610000 388797.940000 322643.890000
373683.170000 380577.480000 391158.630000
491644.780000 48995.080000 287912.020000
504325.650000 14.740000 453420.260000
191310.240000 23253.370000 289582.700000
53442.330000 138058.240000 326363.530000
227979.810000 119821.860000 415925.990000
470127.720000 127232.030000 445440.770000
3553.280000 503741.760000 454089.940000
294917.910000 499084.200000 102976.750000
393994.450000 326696.410000 157920.000000
485599.880000 8375.450000 450538.640000
383472.780000 115174.020000 293776.250000
138265.400000 168039.000000 443346.950000
221590.550000 372738.680000 164980.680000
393186.710000 292173.710000 233368.230000
104436.230000 253439.000000 150544.830000
406459.230000 16948.860000 462840.580000
49791.960000 199705.860000 16516.070000
295096.560000 499704.990000 102570.260000
369642.360000 186757.890000 469224.000000
143768.080000 161175.170000 437635.350000
49528.850000 120113.110000 161960.720000
407069.340000 16438.600000 461354.160000
464149.900000 253635.600000 179799.040000
272627.810000 155169.530000 410262.420000
380559.540000 337641.110000 332644.200000
28541.020000 287954.530000 101569.510000
238109.530000 494255.460000 374165.160000
221405.700000 359299.470000 335424.440000
384199.100000 113059.160000 294478.880000
431077.150000 449033.170000 74565.570000
374391.750000 328458.160000 335071.750000
417213.900000 8874.800000 92164.880000
260764.800000 497140.530000 131527.040000
475081.940000 141398.440000 201861.770000
8606.700000 504126.950000 274334.260000
225479.260000 497878.940000 7776.140000
191681.460000 58299.950000 114212.410000
469988.830000 126105.040000 443706.450000
144796.660000 162943.360000 437886.870000
480168.090000 31873.250000 360552.370000
405545.170000 13898.630000 232977.770000
65.990000 354964.320000 396991.490000
510574.070000 187365.950000 472184.720000
93019.960000 282034.030000 348387.820000
124038.580000 321615.390000 116967.410000
266750.850000 380843.350000 114174.800000
144158.000000 162925.110000 436586.300000
140089.420000 166279.340000 442494.660000
191669.830000 57885.340000 115173.320000
289199.920000 461195.430000 328676.940000
498897.000000 366319.790000 453105.590000
295525.820000 237046.070000 8549.660000
229079.850000 120090.520000 415397.310000
393446.870000 292047.760000 231621.380000
503439.790000 205957.030000 89512.730000
16238.910000 10049.580000 78671.690000
290271.180000 462592.590000 329790.440000
435271.940000 435339.170000 128340.120000
262136.440000 89408.580000 396543.270000
341224.370000 366414.340000 334679.660000
134613.910000 244853.840000 264439.940000
211268.480000 135847.150000 406620.850000
373894.710000 379207.060000 391489.040000
42181.200000 150226.230000 315923.250000
379686.580000 22034.440000 438376.950000
115394.460000 231862.440000 135737.380000
19033.190000 22784.080000 97054.350000
454774.900000 58954.550000 450313.350000
219770.260000 358763.310000 334793.240000
163830.980000 208080.490000 66932.830000
226610.470000 159092.030000 140521.380000
469709.380000 506439.390000 78881.820000
40450.090000 344105.650000 277895.480000
496729.190000 48768.810000 299394.040000
456397.710000 59373.730000 449762.730000
468183.560000 507878.140000 80850.230000
435458.160000 435193.540000 127914.270000
16799.520000 10536.500000 76488.880000
192605.380000 59086.370000 114565.420000
69799.310000 449031.560000 251693.390000
247802.030000 292421.510000 365611.790000
322953.770000 283812.070000 325704.930000
104404.900000 252719.540000 150482.210000
508583.130000 187526.610000 472752.990000
208793.560000 372463.320000 96461.200000
379462.950000 337025.540000 332622.440000
459437.740000 225402.740000 157027.400000
405663.270000 15759.910000 234067.920000
68670.280000 10942.560000 45728.340000
437745.480000 435380.070000 129874.370000
386499.020000 352051.540000 248411.090000
25435.190000 460812.100000 279726.200000
371166.750000 186298.830000 469782.010000
263034.150000 479086.910000 397890.900000
280301.970000 254013.050000 152430.770000
220730.210000 280173.860000 351443.480000
141735.720000 490859.380000 394445.220000
53856.820000 224578.630000 469940.160000
140945.910000 204008.930000 126369.480000
317053.960000 222498.350000 472163.700000
294589.080000 239242.140000 7855.980000
164243.230000 344721.410000 433656.400000
359516.510000 167937.970000 241004.290000
349290.680000 275633.090000 46009.780000
178798.610000 255438.250000 477269.620000
457213.350000 58729.900000 450410.580000
237999.980000 494155.940000 373518.040000
407083.250000 395457.550000 331254.240000
240893.550000 183142.400000 438200.990000
285443.820000 503641.940000 127961.750000
231490.620000 472569.520000 214404.590000
396529.940000 387931.640000 214548.100000
248222.500000 292207.820000 365472.900000
208872.910000 204473.720000 369610.630000
419890.840000 377934.540000 345307.250000
392603.180000 387508.120000 320690.800000
505973.880000 510350.340000 451286.040000
173534.700000 345989.930000 446077.760000
246770.310000 292121.670000 366283.140000
468923.950000 506789.520000 81994.900000
213795.290000 109964.940000 416326.290000
94558.270000 282370.610000 348241.460000
246509.540000 372680.600000 392932.070000
239314.880000 147669.360000 377085.720000
318114.260000 230849.260000 447517.610000
164150.560000 208770.170000 68262.230000
359707.060000 167574.870000 241139.250000
55806.940000 87886.240000 102035.310000
208800.870000 374842.290000 96429.080000
92319.530000 281393.100000 347694.490000
149385.600000 173443.530000 279268.710000
98753.300000 335937.770000 203919.830000
216368.330000 482639.130000 199576.610000
348195.530000 456344.210000 92287.250000
116533.890000 478759.610000 60443.160000
494233.220000 92856.090000 463419.430000
286422.970000 503630.070000 127276.920000
404720.400000 15466.570000 234011.260000
445581.820000 300742.220000 210544.310000
27695.770000 99988.990000 453680.730000
280857.510000 253018.390000 150970.250000
67583.470000 10443.360000 47049.750000
71424.870000 16155.740000 45521.890000
383717.220000 115837.850000 295788.670000
495456.540000 48748.810000 300357.060000
94403.440000 283577.820000 348048.400000
468713.230000 126679.570000 443454.560000
383388.550000 113186.490000 294449.040000
76187.280000 386151.550000 425725.280000
245280.750000 472679.080000 222061.870000
134421.490000 244046.040000 264025.600000
186727.140000 86607.130000 324716.130000
469243.960000 198580.080000 491388.550000
368721.920000 185736.820000 469164.640000
469454.620000 506260.410000 81883.610000
224785.610000 498708.620000 7545.910000
383006.410000 114746.970000 294906.620000
149981.080000 172229.570000 279142.210000
386333.070000 328327.970000 154479.310000
382415.830000 291645.140000 69251.680000
296091.250000 239037.990000 8580.470000
381522.460000 20693.490000 438816.530000
215814.450000 127448.140000 429563.840000
226375.920000 497955.470000 4541.520000
489769.840000 153757.420000 91321.590000
387537.930000 48038.840000 227921.720000
395201.450000 500130.220000 479371.770000
484676.180000 7568.490000 450177.250000
437614.870000 241324.660000 506501.560000
17369.410000 9996.660000 78706.860000
420224.000000 377644.620000 344903.930000
50602.020000 196448.210000 16908.420000
115453.070000 233961.040000 136175.980000
393823.670000 387423.000000 323026.030000
295296.330000 239317.470000 8475.190000
156686.460000 106618.730000 316255.430000
507554.930000 340100.860000 15082.670000
393858.950000 16236.970000 474407.100000
386660.640000 329289.430000 154043.610000
192049.990000 58480.320000 115947.460000
429611.540000 447920.560000 73556.550000
437191.220000 241244.140000 506367.920000
103863.980000 253921.540000 152261.720000
93254.450000 284373.170000 349498.990000
31667.560000 362924.470000 80767.380000
373282.350000 328964.320000 333185.000000
429933.110000 447410.680000 72339.560000
360846.100000 166637.070000 240855.190000
257423.160000 59373.260000 408029.210000
143590.350000 162936.660000 436121.220000
273421.480000 153793.690000 410994.900000
343733.730000 108632.580000 244003.040000
240585.250000 201914.570000 472470.370000
448794.770000 288608.950000 439257.260000
490382.450000 48735.430000 288193.020000
35108.310000 211678.010000 40938.380000
51465.740000 291324.160000 194426.120000
246921.770000 372621.520000 393036.530000
246541.430000 35283.540000 115134.230000
163245.240000 344983.580000 430420.200000
301855.290000 253538.890000 445984.190000
369668.430000 17671.490000 33907.170000
42516.530000 149140.590000 316435.760000
344884.920000 107867.070000 244007.220000
475601.870000 320176.820000 32124.950000
2505.230000 502824.860000 453492.490000
149731.950000 171148.390000 278762.480000
214761.600000 108756.280000 415133.000000
496213.100000 50260.900000 299433.690000
104727.930000 278831.360000 356661.470000
436218.810000 434640.010000 129817.810000
495003.420000 47857.070000 302624.110000
28782.030000 353008.180000 75593.940000
485037.410000 66205.540000 53984.670000
423565.550000 178450.580000 501044.220000
140213.910000 167980.040000 444206.540000
296419.920000 238133.220000 8881.680000
