#                             Table 4                               
#                  MLCS17 Light-Curve Fit Parameters                
# SN Ia         zb             Δ                  AV           μa     
03D1au       0.504 (0.001)  −0.346(0.076)        0.108(0.089) 42.514 (0.173) 
03D1aw       0.582 (0.001)  −0.260(0.139)        0.098(0.082) 43.054 (0.194) 
03D1ax       0.496 (0.001)    0.170(0.119)       0.065(0.056) 42.194 (0.180) 
03D1bp       0.346 (0.001)    0.163(0.152)       0.158(0.104) 41.459 (0.208) 
03D1co       0.679 (0.001)  −0.313(0.121)        0.151(0.126) 43.575 (0.256) 
03D1ew       0.868 (0.001)  −0.255(0.120)        0.111(0.084) 43.794 (0.207) 
03D1fc       0.331 (0.001)  −0.170(0.147)        0.123(0.078) 41.242 (0.181) 
03D1fl       0.688 (0.001)  −0.264(0.132)        0.130(0.101) 43.075 (0.211) 
03D1fq       0.800 (0.001)    0.054(0.182)       0.095(0.079) 43.764 (0.259) 
03D1gt       0.548 (0.001)    0.351(0.292)       0.497(0.279) 42.416 (0.337) 
03D3af       0.532 (0.001)  −0.083(0.163)        0.112(0.098) 42.846 (0.241) 
03D3aw       0.449 (0.001)  −0.112(0.132)        0.058(0.041) 42.059 (0.207) 
03D3ay       0.371 (0.001)  −0.237(0.120)        0.051(0.037) 41.844 (0.194) 
03D3ba       0.291 (0.001)  −0.140(0.117)        0.408(0.162) 40.889 (0.235) 
03D3cc       0.463 (0.001)  −0.252(0.097)        0.096(0.065) 42.203 (0.169) 
03D3cd       0.461 (0.001)  −0.249(0.126)        0.071(0.059) 42.053 (0.165) 
03D4ag       0.285 (0.001)  −0.329(0.074)        0.038(0.030) 40.931 (0.138) 
03D4at       0.633 (0.001)  −0.191(0.148)        0.108(0.099) 43.205 (0.222) 
03D4cx       0.949 (0.001)  −0.274(0.136)        0.054(0.046) 44.157 (0.183) 
03D4cy       0.927 (0.001)  −0.227(0.146)        0.063(0.051) 44.044 (0.203) 
03D4cz       0.695 (0.001)    0.381(0.200)       0.085(0.087) 42.983 (0.309) 
03D4dh       0.627 (0.001)  −0.314(0.087)        0.130(0.110) 42.908 (0.204) 
03D4di       0.905 (0.001)  −0.342(0.098)        0.074(0.063) 43.821 (0.177) 
03D4dy       0.604 (0.001)  −0.370(0.075)        0.285(0.191) 42.623 (0.294) 
03D4fd       0.791 (0.001)  −0.196(0.152)        0.110(0.103) 43.635 (0.234) 
03D4gf       0.581 (0.001)  −0.162(0.149)        0.043(0.034) 42.864 (0.179) 
03D4gg       0.592 (0.001)  −0.162(0.181)        0.096(0.077) 42.833 (0.225) 
03D4gl       0.571 (0.001)    0.030(0.327)       0.095(0.089) 42.450 (0.386) 
04D1ag       0.557 (0.001)  −0.155(0.186)        0.060(0.057) 42.514 (0.212) 
04D1aj       0.721 (0.001)  −0.331(0.109)        0.123(0.113) 43.419 (0.224) 
04D1ak       0.526 (0.001)    0.483(0.188)       0.111(0.098) 42.382 (0.265) 
04D2cf       0.369 (0.001)  −0.001(0.135)        0.071(0.059) 41.776 (0.171) 
04D2fp       0.415 (0.001)  −0.162(0.094)        0.103(0.067) 41.978 (0.152) 
04D2fs       0.357 (0.001)  −0.123(0.110)        0.222(0.107) 41.624 (0.165) 
04D2gb       0.430 (0.001)    0.497(0.111)       0.058(0.043) 41.714 (0.172) 
04D2gc       0.521 (0.001)  −0.247(0.109)        0.539(0.177) 42.117 (0.284) 
04D2gp       0.707 (0.001)    0.050(0.243)       0.100(0.103) 43.398 (0.315) 
04D2iu       0.691 (0.001)    0.309(0.226)       0.124(0.115) 43.219 (0.347) 
04D2ja       0.741 (0.001)  −0.175(0.161)        0.087(0.078) 43.559 (0.235) 
04D3co       0.620 (0.001)  −0.089(0.164)        0.096(0.086) 43.234 (0.239) 
04D3cp       0.830 (0.001)  −0.379(0.077)        0.067(0.058) 43.663 (0.159) 
04D3cy       0.643 (0.001)  −0.350(0.094)        0.111(0.091) 43.423 (0.191) 
04D3dd       1.010 (0.001)  −0.320(0.121)        0.042(0.032) 44.678 (0.194) 
04D3df       0.470 (0.001)   0.743(0.119)        0.096(0.070) 41.947 (0.181) 
04D3do       0.610 (0.001)   0.189(0.153)        0.091(0.083) 42.722 (0.231) 
04D3ez       0.263 (0.001)   0.010(0.103)        0.228(0.090) 40.764 (0.165) 
04D3fk       0.358 (0.001)  −0.160(0.092)        0.385(0.086) 41.581 (0.155) 
04D3fq       0.730 (0.001)  −0.023(0.173)        0.094(0.084) 43.434 (0.245) 
04D3gt       0.451 (0.001)  −0.088(0.099)        0.635(0.097) 41.797 (0.170) 
04D3gx       0.910 (0.001)  −0.250(0.126)        0.069(0.052) 44.169 (0.187) 
04D3hn       0.552 (0.001)    0.099(0.153)       0.381(0.173) 42.258 (0.291) 
04D3is       0.710 (0.001)  −0.182(0.167)        0.489(0.226) 43.092 (0.370) 
04D3ki       0.930 (0.001)  −0.071(0.167)        0.070(0.060) 44.202 (0.235) 
04D3kr       0.337 (0.001)  −0.322(0.067)        0.164(0.082) 41.386 (0.142) 
04D3ks       0.752 (0.001)  −0.280(0.120)        0.134(0.118) 43.324 (0.241) 
04D3lu       0.822 (0.001) −0.186(0.133)         0.092(0.086) 43.794 (0.216) 
04D3ml       0.950 (0.001)  −0.344(0.112)        0.054(0.046) 44.117 (0.170) 
04D3nc       0.817 (0.001)  −0.289(0.120)        0.122(0.090) 43.696 (0.211) 
04D3nh       0.340 (0.001)  −0.248(0.093)        0.132(0.082) 41.566 (0.148) 
04D3nr       0.960 (0.001)  −0.255(0.146)        0.049(0.044) 44.291 (0.224) 
04D3ny       0.810 (0.001) −0.022(0.169)         0.147(0.126) 43.461 (0.262) 
04D3oe       0.756 (0.001)  −0.202(0.151)        0.075(0.073) 43.583 (0.207) 
04D4an       0.613 (0.001)    0.313(0.195)       0.155(0.128) 42.913 (0.287) 
04D4bk       0.840 (0.001)  −0.310(0.104)        0.067(0.058) 43.877 (0.173) 
04D4bq       0.550 (0.001)  −0.230(0.157)        0.178(0.144) 42.690 (0.263) 
04D4dm       0.811 (0.001)  −0.104(0.162)        0.143(0.123) 43.670 (0.262) 
04D4dw       0.961 (0.001) −0.260(0.143)         0.049(0.043) 44.166 (0.213)
2002dc       0.475 (0.010)  0.172(0.220)         0.153(0.163) 42.248 (0.287)
2002dd       0.950 (0.010) −0.244(0.154)         0.212(0.148) 43.969 (0.258)
Eagle        1.020 (0.010) −0.182(0.147)         0.122(0.111) 44.385 (0.211)
Ferguson     1.020 (0.010)  0.071(0.182)         0.175(0.151) 44.025 (0.255)
Gabi         1.120 (0.010) −0.200(0.130)         0.106(0.088) 44.572 (0.191)
Greenburg    1.140 (0.010) −0.394(0.064)         0.085(0.066) 44.337 (0.159)
Hawk         0.490 (0.010) −0.291(0.152)         0.108(0.100) 42.487 (0.255)
Koekemoer    1.230 (0.010) −0.205(0.154)         0.076(0.069) 44.990 (0.240)
Lancaster    1.230 (0.010)  0.157(0.223)         0.161(0.134) 45.083 (0.189)
Manipogo     0.854 (0.010)  0.093(0.183)         0.098(0.086) 43.757 (0.246)
Mcguire      1.370 (0.010) −0.317(0.102)         0.095(0.080) 45.187 (0.185)
Ombo         0.975 (0.010) −0.392(0.093)         0.221(0.142) 44.273 (0.213)
Patuxent     0.970 (0.010) −0.128(0.215)         0.098(0.097) 44.432 (0.274)
Rakke        0.740 (0.010)  0.006(0.165)         0.104(0.075) 43.282 (0.203)
Spock        0.839 (0.010)  0.010(0.235)         0.122(0.123) 43.367 (0.387)
Strolger     1.010 (0.010) −0.213(0.178)         0.116(0.093) 44.501 (0.218)
Thames       0.954 (0.010)  0.126(0.222)         0.133(0.127) 43.977 (0.342)
Yowie        0.460 (0.010)  0.012(0.195)         0.229(0.200) 42.327 (0.354)
Zwicky       0.521 (0.010) −0.254(0.133)         0.185(0.118) 42.471 (0.196)
anguta       0.670 (0.010)  0.183(0.184)         0.164(0.131) 43.123 (0.253)
aphrodite    1.300 (0.010) −0.096(0.171)         0.211(0.135) 44.858 (0.171)
bilbo        0.216 (0.010) −0.193(0.172)         0.884(0.171) 40.539 (0.229)
elvis        0.840 (0.010)  0.082(0.175)         0.094(0.083) 43.592 (0.206)
frodo        0.735 (0.010)  0.203(0.176)         0.160(0.125) 43.013 (0.227)
gilgamesh    1.551 (0.010) −0.033(0.270)         0.483(0.202) 45.153 (0.213)
inanna       1.307 (0.010)  0.165(0.246)         0.234(0.182) 45.182 (0.294)
isis         0.526 (0.010) −0.333(0.102)         0.294(0.153) 43.383 (0.230)
mcenroe      0.900 (0.010) −0.267(0.099)         0.234(0.190) 43.425 (0.307)
nanna        1.140 (0.010)  0.249(0.287)         0.084(0.076) 44.456 (0.386)
qiqirn       0.640 (0.010)  0.033(0.199)         0.161(0.133) 42.889 (0.292)
ramone       0.954 (0.010)  0.079(0.181)         0.069(0.069) 44.130 (0.283)
sasquatch    1.390 (0.010)  0.141(0.285)         0.243(0.199) 44.931 (0.218)
torngasak    1.265 (0.010) −0.068(0.232)         0.230(0.150) 44.843 (0.251)
vilas        0.935 (0.010) −0.131(0.143)         0.209(0.202) 43.708 (0.368)
b010         0.590 (0.003) −0.174(0.189)         0.094(0.079) 42.867 (0.244)
b013         0.427 (0.003) −0.043(0.163)         0.118(0.085) 41.940 (0.212)
b020         0.426 (0.003)  0.073(0.295)         0.139(0.140) 41.669 (0.359)
borg         1.340 (0.010) −0.237(0.175)         0.349(0.177) 44.919 (0.238)
d033         0.530 (0.008) −0.348(0.116)         0.083(0.071) 42.855 (0.168)
d083         0.333 (0.001) −0.341(0.076)         0.085(0.070) 40.636 (0.145)
d084         0.516 (0.006) −0.148(0.221)         0.228(0.179) 42.770 (0.318)
d085         0.401 (0.008) −0.307(0.097)         0.136(0.098) 41.949 (0.176)
d086         0.204 (0.003) −0.134(0.132)         0.367(0.245) 40.148 (0.270)
d087         0.337 (0.004) −0.182(0.125)         0.116(0.092) 41.261 (0.208)
d089         0.424 (0.003) −0.263(0.128)         0.120(0.088) 41.972 (0.175)
d099         0.210 (0.002) −0.138(0.117)         0.105(0.099) 40.312 (0.221)
d117         0.301 (0.005)  0.283(0.232)         0.164(0.133) 41.300 (0.288)
d149         0.344 (0.008) −0.246(0.120)         0.156(0.123) 41.541 (0.215)
e020         0.159 (0.006) −0.082(0.161)         0.344(0.240) 39.792 (0.244)
e029         0.332 (0.008)  0.181(0.263)         0.150(0.149) 41.483 (0.291)
e108         0.472 (0.007) −0.359(0.109)         0.056(0.053) 42.230 (0.147)
e132         0.235 (0.006) −0.070(0.150)         0.503(0.243) 40.469 (0.268)
e136         0.348 (0.006)  0.275(0.196)         0.166(0.132) 41.633 (0.258)
e138         0.611 (0.006) −0.303(0.130)         0.102(0.077) 42.900 (0.204)
e140         0.614 (0.006) −0.222(0.161)         0.104(0.092) 42.812 (0.217)
e147         0.641 (0.008) −0.234(0.151)         0.058(0.052) 42.953 (0.181)
e148         0.429 (0.006) −0.195(0.151)         0.084(0.063) 42.200 (0.181)
e149         0.491 (0.006) −0.013(0.183)         0.124(0.108) 42.160 (0.244)
f011         0.536 (0.006) −0.093(0.236)         0.131(0.102) 42.554 (0.251)
f041         0.558 (0.007) −0.357(0.109)         0.078(0.064) 42.669 (0.159)
f076         0.410 (0.004)  0.197(0.269)         0.155(0.116) 41.365 (0.293)
f216         0.595 (0.011) −0.102(0.233)         0.116(0.091) 43.191 (0.294)
f221         0.443 (0.004) −0.114(0.202)         0.065(0.066) 42.775 (0.238)
f231         0.620 (0.008) −0.274(0.141)         0.082(0.064) 42.953 (0.188)
f244         0.546 (0.005) −0.057(0.247)         0.111(0.091) 42.614 (0.263)
g001         0.268 (0.002)  0.192(0.162)         0.080(0.060) 40.699 (0.195) 
g005         0.218 (0.007) −0.298(0.076)         0.261(0.205) 40.450 (0.227) 
g055         0.302 (0.006) −0.329(0.108)         0.742(0.273) 41.560 (0.313) 
g097         0.339 (0.004) −0.256(0.137)         0.306(0.204) 41.413 (0.275) 
g160         0.507 (0.019) −0.372(0.089)         0.201(0.158) 42.310 (0.256) 
g240         0.689 (0.005) −0.205(0.167)         0.056(0.049) 42.971 (0.219) 
g276         0.244 (0.001) −0.064(0.113)         0.342(0.218) 40.550 (0.264) 
h283         0.495 (0.007)  0.147(0.310)         0.210(0.161) 42.352 (0.331) 
h319         0.478 (0.002) −0.279(0.134)         0.143(0.099) 42.309 (0.203) 
h323         0.603 (0.007) −0.131(0.187)         0.097(0.090) 42.916 (0.248) 
h359         0.348 (0.005) −0.231(0.119)         0.206(0.171) 41.895 (0.245) 
h363         0.211 (0.005)  0.069(0.156)         0.470(0.267) 40.478 (0.288) 
h364         0.344 (0.004) −0.061(0.149)         0.083(0.071) 41.217 (0.203) 
k411         0.565 (0.003) −0.165(0.181)         0.113(0.095) 42.362 (0.237) 
k425         0.274 (0.003)  0.173(0.264)         0.206(0.172) 40.825 (0.295) 
k429         0.171 (0.006) −0.135(0.122)         0.122(0.116) 39.800 (0.179) 
k430         0.576 (0.007) −0.194(0.197)         0.102(0.081) 43.248 (0.230) 
k441         0.671 (0.007) −0.203(0.182)         0.080(0.070) 43.147 (0.218) 
k448         0.405 (0.007)  0.024(0.324)         0.239(0.200) 42.261 (0.362) 
m026         0.656 (0.006) −0.165(0.193)         0.117(0.084) 42.880 (0.263) 
m027         0.285 (0.003) −0.141(0.165)         0.325(0.212) 41.441 (0.280) 
m032         0.155 (0.004) −0.158(0.105)         0.096(0.101) 39.800 (0.205) 
m034         0.562 (0.006) −0.083(0.223)         0.122(0.104) 42.667 (0.272) 
m039         0.249 (0.003) −0.245(0.144)         0.337(0.267) 40.830 (0.329) 
m062         0.316 (0.004)  0.096(0.320)         0.125(0.098) 41.175 (0.310) 
m158         0.461 (0.007) −0.355(0.114)         0.258(0.164) 42.423 (0.261) 
m193         0.336 (0.006) −0.174(0.163)         0.096(0.082) 41.199 (0.254) 
n256         0.631 (0.011) −0.364(0.095)         0.065(0.057) 43.011 (0.153) 
n263         0.368 (0.007)  0.031(0.144)         0.068(0.059) 41.416 (0.183) 
n278         0.308 (0.006) −0.012(0.215)         0.119(0.109) 41.089 (0.230) 
n285         0.531 (0.009) −0.136(0.215)         0.131(0.120) 42.551 (0.282) 
n326         0.267 (0.006)  0.807(0.264)         0.106(0.112) 40.547 (0.319) 
n404         0.285 (0.006) −0.005(0.225)         0.442(0.275) 40.642 (0.286) 
p425         0.456 (0.004) −0.178(0.225)         0.404(0.230) 42.428 (0.320) 
p455         0.285 (0.006)  0.052(0.343)         0.165(0.146) 40.916 (0.335) 
p524         0.511 (0.003) −0.244(0.153)         0.125(0.097) 42.355 (0.216) 
p528         0.780 (0.009) −0.331(0.113)         0.043(0.039) 43.727 (0.166) 
sn90O        0.031 (0.001) −0.229(0.073)         0.051(0.042) 35.791 (0.162) 
sn90af       0.050 (0.001)  0.507(0.119)         0.073(0.064) 36.600 (0.187) 
sn91ag       0.014 (0.001) −0.238(0.067)         0.047(0.040) 34.004 (0.239) 
sn92P        0.026 (0.001) −0.176(0.079)         0.100(0.061) 35.529 (0.175) 
sn92ae       0.075 (0.001)  0.018(0.124)         0.098(0.084) 37.714 (0.188) 
sn92ag       0.026 (0.001)  0.050(0.086)         0.312(0.081) 35.212 (0.181) 
sn92al       0.014 (0.001) −0.064(0.061)         0.033(0.027) 33.964 (0.228) 
sn92aq       0.101 (0.001)  0.064(0.127)         0.034(0.032) 38.656 (0.171) 
sn92bc       0.020 (0.001) −0.253(0.044)         0.012(0.012) 34.795 (0.175) 
sn92bg       0.036 (0.001) −0.079(0.083)         0.072(0.052) 36.129 (0.174) 
sn92bh       0.045 (0.001) −0.170(0.086)         0.183(0.079) 36.898 (0.156) 
sn92bk       0.058 (0.001)  0.320(0.188)         0.043(0.038) 37.160 (0.229) 
sn92bl       0.043 (0.001)  0.235(0.120)         0.035(0.029) 36.461 (0.176) 
sn92bo       0.018 (0.001)  0.580(0.079)         0.034(0.029) 34.670 (0.202) 
sn92bp       0.079 (0.001)  0.009(0.099)         0.036(0.031) 37.754 (0.146) 
sn92br       0.088 (0.001)  1.105(0.161)         0.043(0.045) 37.535 (0.224) 
sn92bs       0.063 (0.001) −0.139(0.097)         0.112(0.083) 37.630 (0.179) 
sn93B        0.071 (0.001) −0.138(0.090)         0.133(0.073) 37.736 (0.169) 
sn93H        0.025 (0.001)  0.874(0.096)         0.029(0.026) 35.078 (0.174) 
sn93O        0.052 (0.001) −0.030(0.072)         0.048(0.034) 37.078 (0.138) 
sn93ac       0.049 (0.001) −0.058(0.129)         0.204(0.112) 36.892 (0.192) 
sn93ag       0.050 (0.001) −0.019(0.094)         0.102(0.066) 37.103 (0.160) 
sn94M        0.024 (0.001)  0.254(0.093)         0.080(0.055) 35.227 (0.177) 
sn94S        0.016 (0.001) −0.173(0.078)         0.047(0.034) 34.312 (0.211) 
sn94T        0.036 (0.001)  0.746(0.106)         0.053(0.042) 35.859 (0.164) 
sn95E        0.012 (0.001) −0.093(0.066)         1.460(0.064) 33.888 (0.265) 
sn95ac       0.049 (0.001) −0.316(0.052)         0.106(0.055) 36.602 (0.129) 
sn95ak       0.022 (0.001)  0.130(0.080)         0.259(0.072) 34.895 (0.185) 
sn95bd       0.014 (0.001) −0.327(0.049)         0.462(0.159) 34.062 (0.241) 
sn96C        0.028 (0.001) −0.177(0.063)         0.132(0.061) 35.906 (0.162)
sn96ab       0.124 (0.001)  0.089(0.159)         0.071(0.070) 38.852 (0.213)
sn96bl       0.035 (0.001) −0.170(0.077)         0.142(0.068) 36.075 (0.152)
sn96bo       0.016 (0.001) −0.035(0.078)         0.626(0.071) 34.304 (0.213)
sn96bv       0.017 (0.001) −0.285(0.072)         0.389(0.093) 34.312 (0.220)
sn97E        0.013 (0.001)  0.312(0.086)         0.085(0.051) 34.102 (0.241)
sn97Y        0.017 (0.001)  0.007(0.081)         0.096(0.050) 34.550 (0.210)
sn97cn       0.017 (0.001)  1.359(0.057)         0.025(0.020) 34.425 (0.194)
sn97dg       0.030 (0.001) −0.018(0.084)         0.092(0.052) 36.121 (0.157)
sn97do       0.011 (0.001) −0.191(0.081)         0.262(0.061) 33.580 (0.289)
sn98V        0.017 (0.001) −0.089(0.069)         0.145(0.071) 34.353 (0.203)
sn98ab       0.028 (0.001) −0.180(0.066)         0.268(0.047) 35.267 (0.158)
sn98bp       0.010 (0.001)  1.254(0.047)         0.025(0.020) 33.175 (0.287)
sn98co       0.017 (0.001)  0.398(0.164)         0.123(0.087) 34.475 (0.219)
sn98de       0.016 (0.001)  1.517(0.042)         0.142(0.061) 34.464 (0.206)
sn98dx       0.054 (0.001)  0.105(0.094)         0.029(0.028) 36.903 (0.139)
sn98ef       0.017 (0.001)  0.134(0.094)         0.068(0.050) 34.094 (0.213)
sn98eg       0.024 (0.001) −0.022(0.116)         0.131(0.074) 35.334 (0.177)
sn99aa       0.015 (0.001) −0.346(0.032)         0.025(0.021) 34.425 (0.206)
sn99cc       0.032 (0.001)  0.288(0.094)         0.064(0.049) 35.831 (0.154)
sn99cp       0.010 (0.001) −0.137(0.111)         0.057(0.045) 33.441 (0.295)
sn99da       0.013 (0.001)  1.487(0.043)         0.066(0.049) 33.925 (0.245)
sn99dk       0.014 (0.001) −0.306(0.053)         0.252(0.058) 34.160 (0.229)
sn99dq       0.013 (0.001) −0.359(0.034)         0.299(0.051) 33.705 (0.229)
sn99ee       0.011 (0.001) −0.278(0.037)         0.643(0.041) 33.571 (0.277)
sn99ef       0.038 (0.001) −0.136(0.085)         0.052(0.039) 36.597 (0.160)
sn99ej       0.013 (0.001)  0.312(0.099)         0.037(0.031) 34.413 (0.255)
sn99ek       0.018 (0.001)  0.056(0.078)         0.312(0.156) 34.379 (0.218)
sn99gd       0.019 (0.001) −0.009(0.083)         0.842(0.066) 34.969 (0.196)
sn00bh       0.024 (0.001) −0.080(0.085)         0.086(0.060) 35.245 (0.197)
sn00ca       0.025 (0.001) −0.166(0.053)         0.017(0.015) 35.181 (0.159)
sn00ce       0.017 (0.001) −0.251(0.074)         1.177(0.078) 34.895 (0.213)
sn00cf       0.036 (0.001) −0.005(0.079)         0.086(0.055) 36.316 (0.145)
sn00cn       0.023 (0.001)  0.724(0.084)         0.071(0.060) 35.056 (0.170)
sn00dk       0.016 (0.001)  0.511(0.066)         0.017(0.015) 34.333 (0.207)
sn00fa       0.022 (0.001) −0.138(0.077)         0.287(0.056) 34.986 (0.185)
sn01G        0.017 (0.001) −0.195(0.073)         0.050(0.035) 34.481 (0.202)
sn01ah       0.058 (0.001) −0.248(0.109)         0.042(0.033) 37.185 (0.167)
sn01az       0.041 (0.001) −0.008(0.106)         0.049(0.041) 36.389 (0.148)
sn01ba       0.030 (0.001) −0.164(0.058)         0.025(0.021) 35.821 (0.147)
sn01bf       0.015 (0.001) −0.242(0.088)         0.170(0.068) 34.059 (0.217)
sn01bt       0.014 (0.001)  0.041(0.069)         0.426(0.063) 34.025 (0.228)
sn01cn       0.015 (0.001) −0.016(0.068)         0.309(0.059) 34.126 (0.218)
sn01cp       0.022 (0.001) −0.033(0.171)         0.054(0.047) 34.998 (0.242)
sn01cz       0.016 (0.001) −0.124(0.061)         0.200(0.070) 34.260 (0.209)
sn01da       0.016 (0.001) −0.065(0.092)         0.075(0.056) 34.554 (0.222)
sn01eh       0.036 (0.001) −0.371(0.043)         0.036(0.029) 36.266 (0.130)
sn01en       0.015 (0.001)  0.043(0.083)         0.085(0.048) 34.237 (0.223)
sn01ep       0.013 (0.001)  0.046(0.081)         0.259(0.054) 33.892 (0.245)
sn01fe       0.014 (0.001) −0.169(0.067)         0.099(0.049) 34.102 (0.230)
sn01fh       0.011 (0.001)  0.632(0.124)         0.077(0.062) 33.778 (0.277)
sn01gb       0.027 (0.001) −0.261(0.128)         1.232(0.163) 35.544 (0.229)
sn01ic       0.043 (0.001)  0.292(0.212)         0.180(0.125) 36.438 (0.214)
sn01ie       0.031 (0.001) −0.020(0.117)         0.150(0.083) 35.781 (0.184)
sn01n        0.022 (0.001) −0.054(0.122)         0.487(0.112) 35.102 (0.201)
sn01v        0.016 (0.001) −0.330(0.043)         0.171(0.041) 34.047 (0.202)
sn02bf       0.025 (0.001) −0.242(0.082)         0.268(0.086) 35.458 (0.180)
sn02bz       0.038 (0.001)  0.139(0.141)         0.047(0.038) 36.251 (0.180)
sn02ck       0.030 (0.001) −0.117(0.088)         0.058(0.049) 35.754 (0.167)
sn02cr       0.010 (0.001)  0.009(0.083)         0.122(0.063) 33.458 (0.290)
sn02de       0.028 (0.001) −0.224(0.143)         0.382(0.084) 35.706 (0.161)
sn02dj       0.010 (0.001) −0.200(0.120)         0.342(0.078) 33.103 (0.291)
sn02do       0.015 (0.001)  0.760(0.150)         0.034(0.034) 34.340 (0.229)
sn02dp       0.011 (0.001)  0.023(0.135)         0.268(0.090) 33.565 (0.287)
sn02fb       0.015 (0.001)  1.368(0.089)         0.238(0.084) 34.368 (0.220)
sn02g        0.035 (0.001)  0.565(0.337)         0.409(0.159) 35.676 (0.349)
sn02ha       0.013 (0.001)  0.127(0.079)         0.042(0.032) 34.013 (0.238) 
sn02hd       0.036 (0.001)  0.137(0.132)         0.145(0.081) 35.797 (0.167) 
sn02he       0.025 (0.001)  0.423(0.102)         0.031(0.026) 35.249 (0.192) 
sn02hu       0.038 (0.001) −0.246(0.055)         0.036(0.030) 36.234 (0.132) 
sn02hw       0.016 (0.001)  0.704(0.108)         0.605(0.099) 34.330 (0.212) 
sn02jy       0.020 (0.001) −0.221(0.078)         0.103(0.056) 35.188 (0.181) 
sn02kf       0.019 (0.001)  0.135(0.070)         0.030(0.025) 34.977 (0.188) 
sn03D        0.024 (0.001)  1.121(0.138)         0.215(0.128) 34.984 (0.186) 
sn03U        0.028 (0.001)  0.428(0.080)         0.044(0.033) 35.462 (0.164) 
sn03W        0.021 (0.001) −0.071(0.059)         0.330(0.050) 34.867 (0.175) 
sn03ch       0.030 (0.001)  0.063(0.101)         0.039(0.031) 35.984 (0.158) 
sn03cq       0.034 (0.001)  0.012(0.114)         0.411(0.144) 36.017 (0.201) 
sn03fa       0.039 (0.001) −0.356(0.045)         0.030(0.022) 36.353 (0.128) 
sn03hu       0.075 (0.001) −0.311(0.097)         0.225(0.117) 37.642 (0.165) 
sn03ic       0.054 (0.001)  0.171(0.134)         0.046(0.045) 36.776 (0.158) 
sn03it       0.024 (0.001)  0.374(0.109)         0.083(0.055) 35.282 (0.187) 
sn03iv       0.034 (0.001)  0.278(0.106)         0.023(0.024) 36.258 (0.160) 
sn04as       0.032 (0.001) −0.184(0.070)         0.303(0.058) 36.145 (0.150) 
sn04bg       0.022 (0.001) −0.138(0.070)         0.067(0.052) 35.096 (0.181) 
sn04l        0.033 (0.001)  0.029(0.125)         0.419(0.092) 36.056 (0.172) 
sn05dv       0.011 (0.001)  1.190(0.237)         0.679(0.230) 33.133 (0.291) 
sn05el       0.015 (0.001)  0.210(0.060)         0.012(0.013) 34.242 (0.220) 
sn05eq       0.028 (0.001) −0.309(0.045)         0.104(0.047) 35.797 (0.148) 
sn05eu       0.034 (0.001) −0.319(0.056)         0.052(0.038) 36.118 (0.147) 
sn05hc       0.045 (0.001) −0.125(0.075)         0.115(0.052) 36.755 (0.136) 
sn05hf       0.042 (0.001)  0.070(0.108)         0.036(0.034) 36.590 (0.162) 
sn05hj       0.057 (0.001) −0.325(0.088)         0.112(0.067) 37.261 (0.140) 
sn05iq       0.033 (0.001)  0.137(0.073)         0.031(0.026) 36.129 (0.148) 
sn05ir       0.075 (0.001) −0.395(0.091)         0.093(0.058) 38.036 (0.135) 
sn05kc       0.014 (0.001)  0.036(0.082)         0.624(0.074) 34.084 (0.235) 
sn05ki       0.021 (0.001)  0.285(0.066)         0.018(0.015) 34.803 (0.181) 
sn05ls       0.021 (0.001) −0.254(0.062)         0.750(0.064) 34.694 (0.186) 
sn05lz       0.040 (0.001)  0.217(0.103)         0.173(0.068) 36.557 (0.155) 
sn05mc       0.026 (0.001)  0.935(0.071)         0.077(0.051) 35.429 (0.159) 
sn05ms       0.026 (0.001) −0.159(0.052)         0.070(0.040) 35.618 (0.157) 
sn05mz       0.017 (0.001)  1.364(0.067)         0.266(0.089) 34.297 (0.203) 
sn05na       0.027 (0.001)  0.021(0.065)         0.052(0.037) 35.359 (0.161) 
sn06ac       0.024 (0.001)  0.161(0.079)         0.104(0.047) 35.255 (0.172) 
sn06ak       0.039 (0.001)  0.191(0.122)         0.044(0.038) 36.282 (0.186) 
sn06al       0.069 (0.001)  0.109(0.106)         0.034(0.029) 37.798 (0.142) 
sn06an       0.065 (0.001) −0.238(0.090)         0.077(0.051) 37.654 (0.139) 
sn06ar       0.023 (0.001)  0.428(0.243)         0.196(0.124) 35.151 (0.223) 
sn06ax       0.018 (0.001) −0.162(0.048)         0.038(0.029) 34.593 (0.188)
sn06az       0.032 (0.001)  0.154(0.056)         0.012(0.012) 35.803 (0.143)
sn06bd       0.026 (0.001)  1.510(0.090)         0.091(0.069) 35.562 (0.170)
sn06bq       0.021 (0.001)  0.323(0.075)         0.092(0.059) 35.111 (0.175)
sn06bt       0.033 (0.001) −0.325(0.052)         0.428(0.053) 35.993 (0.143)
sn06bu       0.084 (0.001) −0.333(0.107)         0.047(0.040) 37.958 (0.137)
sn06bw       0.031 (0.001)  0.514(0.137)         0.133(0.113) 35.663 (0.178)
sn06bz       0.028 (0.001)  1.502(0.082)         0.182(0.115) 35.380 (0.161)
sn06cc       0.033 (0.001) −0.226(0.058)         0.812(0.051) 36.194 (0.143)
sn06cf       0.042 (0.001) −0.080(0.108)         0.055(0.049) 36.478 (0.148)
sn06cg       0.029 (0.001)  0.651(0.170)         0.142(0.098) 35.109 (0.185)
sn06cj       0.068 (0.001) −0.228(0.106)         0.036(0.027) 37.776 (0.129)
sn06cp       0.023 (0.001) −0.172(0.087)         0.440(0.064) 35.005 (0.178)
sn06cq       0.049 (0.001) −0.263(0.113)         0.136(0.073) 37.011 (0.160)
sn06cs       0.024 (0.001)  1.525(0.104)         0.245(0.190) 35.237 (0.183)
sn06ef       0.017 (0.001)  0.077(0.094)         0.055(0.043) 34.770 (0.228)
sn06ej       0.019 (0.001)  0.181(0.087)         0.037(0.031) 34.858 (0.202)
sn06en       0.031 (0.001) −0.053(0.081)         0.177(0.085) 35.934 (0.174)
sn06et       0.021 (0.001) −0.233(0.078)         0.328(0.074) 35.065 (0.192)
sn06gj       0.028 (0.001)  0.582(0.159)         0.482(0.126) 35.672 (0.168)    
sn06gr       0.034 (0.001) −0.305(0.046)         0.304(0.052) 36.206 (0.143)
sn06gt       0.044 (0.001)  0.689(0.147)         0.067(0.068) 36.727 (0.173)
sn06hc       0.013 (0.001)  1.297(0.072)         0.287(0.125) 34.258 (0.236)
sn06hb       0.015 (0.001)  0.686(0.099)         0.055(0.041) 34.044 (0.218)
sn06ke       0.017 (0.001) 1.479(0.117)          1.006(0.203) 34.983 (0.223)
sn06kf       0.021 (0.001) 0.628(0.097)          0.024(0.024) 34.961 (0.195)
sn06le       0.017 (0.001) −0.272(0.044)         0.076(0.060) 34.633 (0.203)
sn06lf       0.013 (0.001)    0.292(0.079)       0.095(0.074) 33.745 (0.259)
sn06mo       0.036 (0.001)    0.614(0.108)       0.039(0.034) 36.130 (0.164)
sn06mp       0.023 (0.001)  −0.121(0.058)        0.166(0.068) 35.258 (0.181)
sn06n        0.014 (0.001)    0.423(0.070)       0.027(0.023) 34.173 (0.226)
sn06nz       0.037 (0.001)    1.115(0.118)       0.094(0.078) 36.001 (0.178)
sn06oa       0.059 (0.001)  −0.252(0.100)        0.186(0.067) 37.260 (0.135)
sn06ob       0.058 (0.001)    0.541(0.078)       0.021(0.021) 37.105 (0.139)
sn06on       0.069 (0.001)  −0.176(0.168)        0.246(0.105) 37.577 (0.176)
sn06or       0.022 (0.001)  −0.003(0.133)        0.964(0.139) 35.590 (0.255)
sn06os       0.032 (0.001)  −0.125(0.103)        0.858(0.101) 35.773 (0.179)
sn06qo       0.030 (0.001)  −0.182(0.055)        0.453(0.063) 35.696 (0.156)
sn06s        0.033 (0.001)  −0.198(0.053)        0.268(0.046) 36.050 (0.142)
sn06sr       0.023 (0.001)    0.187(0.086)       0.085(0.053) 35.279 (0.177)
sn06td       0.015 (0.001)    0.390(0.138)       0.171(0.079) 34.464 (0.244)
sn06te       0.032 (0.001)  −0.073(0.069)        0.037(0.031) 35.992 (0.155)
sn07ae       0.064 (0.001)  −0.234(0.078)        0.085(0.063) 37.270 (0.148)
sn07ai       0.032 (0.001)  −0.347(0.069)        0.331(0.130) 35.990 (0.179)
sn07al       0.013 (0.001)    1.363(0.099)       0.229(0.143) 34.337 (0.245)
sn07ap       0.016 (0.001)    0.353(0.093)       0.013(0.013) 34.495 (0.227)
sn07ar       0.053 (0.001)    1.296(0.124)       0.090(0.067) 36.477 (0.183)
sn07au       0.020 (0.001)    1.084(0.058)       0.049(0.039) 34.623 (0.181)
sn07ba       0.039 (0.001)    1.209(0.097)       0.082(0.083) 35.803 (0.146)
sn07bc       0.022 (0.001)    0.285(0.090)       0.084(0.059) 34.931 (0.187)
sn07bd       0.032 (0.001)    0.290(0.097)       0.043(0.033) 35.715 (0.166)
sn07bz       0.023 (0.001)  −0.065(0.089)        0.242(0.085) 35.761 (0.185)
sn07ca       0.015 (0.001)  −0.214(0.057)        0.580(0.069) 34.621 (0.222)
sn07cg       0.034 (0.001)  −0.032(0.184)        1.141(0.158) 35.718 (0.203)
sn07ci       0.019 (0.001)    0.883(0.078)       0.074(0.063) 34.289 (0.191)
sn07co       0.027 (0.001)  −0.041(0.078)        0.392(0.069) 35.420 (0.158)
sn07cq       0.025 (0.001)    0.052(0.071)       0.109(0.059) 35.084 (0.174)
sn07f        0.024 (0.001)  −0.140(0.051)        0.047(0.038) 35.355 (0.162)
sn07n        0.014 (0.001)    1.403(0.103)       0.544(0.133) 34.419 (0.241)
sn07o        0.036 (0.001)  −0.005(0.080)        0.052(0.039) 36.115 (0.155)
sn07qe       0.023 (0.001)  −0.257(0.049)        0.148(0.059) 35.453 (0.164)
sn07r        0.031 (0.001)    0.189(0.086)       0.027(0.026) 35.877 (0.162)
sn07s        0.015 (0.001)  −0.323(0.040)        0.833(0.054) 34.221 (0.230)
sn08L        0.019 (0.001)    0.293(0.180)       0.036(0.033) 34.392 (0.258)
sn08af       0.034 (0.001)    0.245(0.104)       0.056(0.045) 35.986 (0.171)
sn08bf       0.026 (0.001)  −0.179(0.064)        0.102(0.049) 35.173 (0.159)
