#                                                             Table 8
#                                         Direct-Fit and MLCS2k2 Light-Curve Properties
#     SN   zCMB      mU          mB          mV        (B − V )Bmax   (U − B)Bmax         AV             EBV            EUB
    80N  0.0055 12.10(0.06) 12.40(0.03) 12.38 (0.03)    −0.02(0.05)    −0.29(0.07)   0.2110(0.0510) 0.1241(0.0300) 0.0881(0.0213)
    81B  0.0072 11.62(0.10) 11.93(0.04) 11.89 (0.05)      0.01(0.06)   −0.25(0.11)   0.2300(0.0630) 0.1353(0.0371) 0.0961(0.0263)
    81D  0.0055 12.28(0.16) 12.49(0.09) 12.34 (0.05)      0.11(0.10)   −0.15(0.18)   0.3390(0.1520) 0.1994(0.0894) 0.1416(0.0635)
    86G  0.0027 12.58(0.10) 12.03(0.08) 11.11 (0.06)      0.88(0.09)    0.64(0.10)   1.2210(0.0860) 0.7182(0.0506) 0.5099(0.0359)
    89B  0.0035 12.20(0.07) 12.23(0.09) 11.88 (0.05)      0.32(0.10)    0.04(0.11)   0.8590(0.0810) 0.5053(0.0476) 0.3588(0.0338)
    90N  0.0043     ...     12.67(0.05) 12.65 (0.04)      0.01(0.06)      ...        0.2210(0.0510) 0.1300(0.0300) 0.0923(0.0213)
    90af 0.0502     ...     17.77(0.04) 17.76 (0.04)    −0.01(0.06)       ...        0.0730(0.0640) 0.0429(0.0376) 0.0305(0.0267)
    91T  0.0069 11.16(0.03) 11.60(0.02) 11.45 (0.02)      0.12(0.03)   −0.45(0.04)   0.3020(0.0390) 0.1776(0.0229) 0.1261(0.0163)
    91bg 0.0046     ...     14.60(0.05) 13.85 (0.04)      0.71(0.06)      ...        0.0960(0.0570) 0.0565(0.0335) 0.0401(0.0238)
    92A  0.0059 12.36(0.07) 12.53(0.02) 12.48 (0.01)      0.02(0.02)   −0.16(0.07)   0.0140(0.0140) 0.0082(0.0082) 0.0058(0.0058)
    92ag 0.0259     ...     16.20(0.08) 16.16 (0.06)      0.03(0.08)      ...        0.3120(0.0810) 0.1835(0.0476) 0.1303(0.0338)
    92al 0.0141     ...     14.45(0.04) 14.55 (0.04)    −0.10(0.05)       ...        0.0330(0.0270) 0.0194(0.0159) 0.0138(0.0113)
    92bc 0.0198     ...     15.08(0.04) 15.16 (0.04)    −0.08(0.05)       ...        0.0120(0.0120) 0.0071(0.0071) 0.0050(0.0050)
    92bh 0.0451     ...     17.59(0.04) 17.54 (0.04)      0.02(0.06)      ...        0.1830(0.0790) 0.1076(0.0465) 0.0764(0.0330)
    92bo 0.0181     ...     15.69(0.04) 15.74 (0.04)    −0.07(0.06)       ...        0.0340(0.0290) 0.0200(0.0171) 0.0142(0.0121)
    92bp 0.0789     ...     18.30(0.07) 18.41 (0.06)    −0.11(0.09)       ...        0.0360(0.0310) 0.0212(0.0182) 0.0151(0.0129)
    93H  0.0248     ...     16.71(0.05) 16.51 (0.04)      0.13(0.06)      ...        0.0290(0.0260) 0.0171(0.0153) 0.0121(0.0109)
    93O  0.0519     ...     17.58(0.05) 17.72 (0.05)    −0.18(0.07)       ...        0.0480(0.0340) 0.0282(0.0200) 0.0200(0.0142)
    93ag 0.0500     ...     17.82(0.09) 17.78 (0.07)      0.02(0.10)      ...        0.1020(0.0660) 0.0600(0.0388) 0.0426(0.0275)
    94D  0.0031 11.14(0.09) 11.78(0.04) 11.82 (0.02)    −0.04(0.04)    −0.62(0.10)   0.0090(0.0090) 0.0053(0.0053) 0.0038(0.0038)
    94S  0.0160     ...     14.76(0.05) 14.78 (0.06)    −0.02(0.08)       ...        0.0470(0.0340) 0.0276(0.0200) 0.0196(0.0142)
    94T  0.0357     ...     17.32(0.03) 17.14 (0.04)      0.18(0.05)      ...        0.0530(0.0420) 0.0312(0.0247) 0.0222(0.0175)
    94ae 0.0055     ...     12.95(0.06) 12.99 (0.03)    −0.04(0.07)       ...        0.0490(0.0320) 0.0288(0.0188) 0.0204(0.0133)
    95D  0.0077     ...     13.17(0.06) 13.25 (0.05)    −0.10(0.07)       ...        0.0680(0.0440) 0.0400(0.0259) 0.0284(0.0184)
    95E  0.0117     ...     16.68(0.05) 15.97 (0.05)      0.70(0.07)      ...        1.4600(0.0640) 0.8588(0.0376) 0.6097(0.0267)
    95ac 0.0488     ...     17.06(0.04) 17.13 (0.04)    −0.11(0.06)       ...        0.1060(0.0550) 0.0624(0.0324) 0.0443(0.0230)
    95ak 0.0220     ...     16.00(0.06) 15.94 (0.06)      0.03(0.08)      ...        0.2590(0.0720) 0.1524(0.0424) 0.1082(0.0301)
    95al 0.0059 12.72(0.10) 13.33(0.05) 13.19 (0.05)      0.13(0.07)   −0.57(0.11)   0.1770(0.0490) 0.1041(0.0288) 0.0739(0.0204)
    95bd 0.0144     ...     15.20(0.33) 14.91 (0.25)      0.27(0.33)      ...        0.4620(0.1590) 0.2718(0.0935) 0.1930(0.0664)
    96X  0.0078 12.36(0.06) 12.98(0.05) 13.02 (0.04)    −0.05(0.05)    −0.48(0.06)   0.0310(0.0240) 0.0182(0.0141) 0.0129(0.0100)
    96bo 0.0163     ...     15.83(0.05) 15.50 (0.04)      0.31(0.06)      ...        0.6260(0.0710) 0.3682(0.0418) 0.2614(0.0297)
    97E  0.0133 14.77(0.10) 15.12(0.08) 15.07 (0.07)      0.03(0.09)   −0.32(0.10)   0.0850(0.0510) 0.0500(0.0300) 0.0355(0.0213)
    97bp 0.0094 13.81(0.05) 13.91(0.03) 13.73 (0.03)      0.10(0.04)   −0.06(0.05)   0.4790(0.0480) 0.2818(0.0282) 0.2001(0.0200)
    97br 0.0080 13.04(0.09) 13.63(0.12) 13.42 (0.08)      0.16(0.13)   −0.54(0.13)   0.5490(0.0540) 0.3229(0.0318) 0.2293(0.0226)
    97dg 0.0297 16.33(0.3)  16.85(0.06) 16.86 (0.04)    −0.03(0.06)    −0.47(0.08)   0.0920(0.0520) 0.0541(0.0306) 0.0384(0.0217)
    98aq 0.0045 11.62(0.03) 12.31(0.02) 12.43 (0.02)    −0.12(0.03)    −0.65(0.04)   0.0110(0.0110) 0.0065(0.0065) 0.0046(0.0046)
    98bp 0.0102 15.20(0.08) 15.28(0.05) 15.05 (0.04)      0.16(0.06)   −0.06(0.08)   0.0250(0.0200) 0.0147(0.0118) 0.0104(0.0084)
    98bu 0.0040 11.78(0.04) 12.12(0.02) 11.78 (0.02)      0.32(0.02)   −0.29(0.04)   0.6310(0.0400) 0.3712(0.0235) 0.2636(0.0167)
    98de 0.0156     ...     17.30(0.05) 16.66 (0.04)      0.60(0.05)      ...        0.1420(0.0610) 0.0835(0.0359) 0.0593(0.0255)
    98es 0.0096 13.26(0.06) 13.83(0.04) 13.75 (0.07)      0.08(0.07)   −0.54(0.06)   0.2070(0.0420) 0.1218(0.0247) 0.0865(0.0175)
    99aa 0.0153 14.17(0.06) 14.72(0.03) 14.77 (0.02)    −0.06(0.03)    −0.53(0.06)   0.0250(0.0210) 0.0147(0.0124) 0.0104(0.0088)
    99ac 0.0098 13.77(0.06) 14.09(0.04) 14.05 (0.03)    −0.01(0.05)    −0.27(0.06)   0.2440(0.0420) 0.1435(0.0247) 0.1019(0.0175)
    99aw 0.0392     ...     16.73(0.04) 16.74 (0.03)    −0.01(0.04)       ...        0.0210(0.0160) 0.0124(0.0094) 0.0088(0.0067)
    99by 0.0028 13.73(0.02) 13.54(0.06) 13.10 (0.02)      0.40(0.06)    0.20(0.06)   0.0300(0.0220) 0.0176(0.0129) 0.0125(0.0092)
    99cc 0.0315 16.44(0.05) 16.76(0.02) 16.75 (0.02)    −0.01(0.03)    −0.31(0.06)   0.0640(0.0490) 0.0376(0.0288) 0.0267(0.0204)
    99cl 0.0087 15.51(0.07) 14.87(0.04) 13.72 (0.04)      1.12(0.05)    0.66(0.08)   2.1980(0.0660) 1.2929(0.0388) 0.9180(0.0275)
    99da 0.0125     ...     16.65(0.04) 16.06 (0.04)      0.52(0.05)      ...        0.0660(0.0490) 0.0388(0.0288) 0.0275(0.0204)
    99dk 0.0139 14.54(0.09) 14.81(0.05) 14.76 (0.04)      0.05(0.05)   −0.24(0.10)   0.2520(0.0580) 0.1482(0.0341) 0.1052(0.0242)
    99dq 0.0135 13.88(0.10) 14.42(0.08) 14.34 (0.06)      0.07(0.08)   −0.48(0.10)   0.2990(0.0510) 0.1759(0.0300) 0.1249(0.0213)
    99ee 0.0106 14.65(0.03) 14.85(0.02) 14.56 (0.02)      0.27(0.03)   −0.18(0.03)   0.6430(0.0410) 0.3782(0.0241) 0.2685(0.0171)
    99ek 0.0176     ...     15.61(0.37) 15.49 (0.28)      0.10(0.37)      ...        0.3120(0.1560) 0.1835(0.0918) 0.1303(0.0652)
    99gp 0.0260 15.40(0.06) 15.99(0.05) 15.97 (0.03)    −0.00(0.05)    −0.54(0.07)   0.1490(0.0440) 0.0876(0.0259) 0.0622(0.0184)
    00E  0.0042     ...     12.86(0.24) 12.68 (0.19)      0.17(0.24)      ...        0.4660(0.1220) 0.2741(0.0718) 0.1946(0.0510)
    00cf 0.0365     ...     17.08(0.03) 17.11 (0.03)    −0.05(0.04)       ...        0.0860(0.0550) 0.0506(0.0324) 0.0359(0.0230)
    00cn 0.0232 16.40(0.09) 16.57(0.05) 16.40 (0.03)      0.10(0.06)   −0.16(0.10)   0.0710(0.0600) 0.0418(0.0353) 0.0297(0.0251)
    00dk 0.0164 14.99(0.07) 15.34(0.05) 15.33 (0.04)    −0.02(0.06)    −0.29(0.07)   0.0170(0.0150) 0.0100(0.0088) 0.0071(0.0062)
    01ba 0.0305     ...     16.18(0.05) 16.31 (0.05)    −0.15(0.06)       ...        0.0250(0.0210) 0.0147(0.0124) 0.0104(0.0088)
    01bt 0.0144     ...     15.26(0.05) 15.09 (0.04)      0.14(0.05)      ...        0.4260(0.0630) 0.2506(0.0371) 0.1779(0.0263)
    01cz 0.0163     ...     15.05(0.06) 14.95 (0.05)      0.09(0.07)      ...        0.2000(0.0700) 0.1176(0.0412) 0.0835(0.0293)
    01el 0.0037 12.56(0.04) 12.75(0.03) 12.70 (0.01)      0.03(0.03)   −0.16(0.05)   0.5000(0.0440) 0.2941(0.0259) 0.2088(0.0184)
    01ep 0.0129 14.52(0.04) 14.87(0.04) 14.81 (0.03)      0.03(0.05)   −0.31(0.05)   0.2590(0.0540) 0.1524(0.0318) 0.1082(0.0226)
    01fe 0.0143 14.02(0.10) 14.68(0.04) 14.65 (0.03)      0.02(0.05)   −0.60(0.09)   0.0990(0.0490) 0.0582(0.0288) 0.0413(0.0204)
    01fh 0.0114 13.87(0.59) 14.19(0.50) 14.31 (0.38)    −0.15(0.50)    −0.25(0.59)   0.0770(0.0620) 0.0453(0.0365) 0.0322(0.0259)
    01V  0.0162 14.01(0.09) 14.64(0.08) 14.61 (0.05)    −0.00(0.10)    −0.60(0.12)   0.1710(0.0410) 0.1006(0.0241) 0.0714(0.0171)
    02bo 0.0054     ...     13.94(0.08) 13.59 (0.07)      0.34(0.11)      ...        0.9080(0.0500) 0.5341(0.0294) 0.3792(0.0209)
    02cd 0.0097 15.57(0.32) 15.53(0.27) 14.93 (0.22)   0.57(0.28)     0.06(0.31) 1.0260(0.1320) 0.6035(0.0776) 0.4285(0.0551)
    02cr 0.0103     ...     14.16(0.04) 14.23 (0.04)  −0.07(0.05)       ...      0.1220(0.0630) 0.0718(0.0371) 0.0510(0.0263)
    02cx 0.0250     ...     17.54(0.10) 17.34 (0.08)   0.17(0.13)       ...      0.7030(0.0680) 0.4135(0.0400) 0.2936(0.0284)
    02de 0.0281 16.32(0.06) 16.66(0.03) 16.52 (0.02)   0.13(0.04)    −0.31(0.06) 0.3820(0.0840) 0.2247(0.0494) 0.1595(0.0351)
    02dj 0.0104     ...     13.98(0.07) 13.83 (0.06)   0.10(0.08)       ...      0.3420(0.0780) 0.2012(0.0459) 0.1429(0.0326)
    02dp 0.0105 14.16(0.06) 14.60(0.05) 14.47 (0.05)   0.10(0.07)    −0.39(0.07) 0.2680(0.0900) 0.1576(0.0529) 0.1119(0.0376)
    02er 0.0085 13.91(0.13) 14.24(0.11) 14.10 (0.09)   0.12(0.11)    −0.33(0.13) 0.2270(0.0740) 0.1335(0.0435) 0.0948(0.0309)
    02fk 0.0070     ...     13.11(0.05) 13.23 (0.04)  −0.12(0.06)       ...      0.0340(0.0230) 0.0200(0.0135) 0.0142(0.0096)
    02ha 0.0134     ...     14.69(0.08) 14.77 (0.07)  −0.09(0.09)       ...      0.0420(0.0320) 0.0247(0.0188) 0.0175(0.0133)
    02hu 0.0382 16.08(0.05) 16.58(0.04) 16.70 (0.03)  −0.12(0.05)    −0.48(0.06) 0.0360(0.0300) 0.0212(0.0176) 0.0151(0.0125)
    03W  0.0211 15.60(0.08) 15.85(0.04) 15.71 (0.05)   0.12(0.06)    −0.15(0.08) 0.3300(0.0500) 0.1941(0.0294) 0.1378(0.0209)
    03cg 0.0053 16.38(0.05) 15.79(0.05) 14.56 (0.02)   1.23(0.05)     0.66(0.06) 2.2090(0.0530) 1.2994(0.0312) 0.9226(0.0222)
    03du 0.0066 13.07(0.16) 13.43(0.06) 13.54 (0.02)  −0.12(0.07)    −0.35(0.19) 0.0320(0.0220) 0.0188(0.0129) 0.0133(0.0092)
    03iv 0.0335 16.57(0.15) 16.97(0.09) 17.01 (0.08)  −0.10(0.10)    −0.37(0.15) 0.0230(0.0240) 0.0135(0.0141) 0.0096(0.0100)
    03kf 0.0077 12.93(0.25) 13.28(0.21) 13.25 (0.16)   0.02(0.21)    −0.27(0.25) 0.1140(0.0800) 0.0671(0.0471) 0.0476(0.0334)
    04as 0.0321     ...     16.93(0.15) 16.91 (0.03)   0.01(0.15)       ...      0.3030(0.0580) 0.1782(0.0341) 0.1265(0.0242)
    05am 0.0095     ...     13.62(0.04) 13.60 (0.03)   0.01(0.05)    −0.27(0.06) 0.0370(0.0330) 0.0218(0.0194) 0.0155(0.0138)
    05cf 0.0070 12.84(0.08) 13.24(0.07) 13.28 (0.05)  −0.05(0.07)    −0.38(0.08) 0.2080(0.0700) 0.1224(0.0412) 0.0869(0.0293)
    05el 0.0148 14.28(0.10) 14.84(0.08) 14.88 (0.06)  −0.05(0.08)    −0.53(0.10) 0.0120(0.0130) 0.0071(0.0076) 0.0050(0.0054)
    05eq 0.0284 15.77(0.08) 16.28(0.06) 16.25 (0.05)   0.03(0.07)    −0.47(0.09) 0.1040(0.0470) 0.0612(0.0276) 0.0435(0.0196)
    05eu 0.0341     ...         ...     16.39 (0.08)     ...            ...      0.0520(0.0380) 0.0306(0.0224) 0.0217(0.0159)
    05hc 0.0450 16.93(0.06) 17.31(0.04) 17.41 (0.04)  −0.12(0.06)    −0.38(0.07) 0.1150(0.0520) 0.0676(0.0306) 0.0480(0.0217)
    05hk 0.0118 15.44(0.03) 15.84(0.05) 15.71 (0.02)   0.04(0.05)    −0.27(0.06) 0.8100(0.0440) 0.4765(0.0259) 0.3383(0.0184)
    05iq 0.0330 16.30(0.19) 16.80(0.07) 16.88 (0.03)  −0.10(0.07)    −0.48(0.20) 0.0310(0.0260) 0.0182(0.0153) 0.0129(0.0109)
    05kc 0.0138 15.49(0.11) 15.58(0.09) 15.38 (0.07)   0.20(0.14)    −0.09(0.20) 0.6240(0.0740) 0.3671(0.0435) 0.2606(0.0309)
    05ke 0.0045 15.15(0.04) 14.88(0.05) 14.14 (0.04)   0.66(0.07)     0.34(0.06) 0.0680(0.0400) 0.0400(0.0235) 0.0284(0.0167)
    05ki 0.0208 14.96(0.12) 15.56(0.07) 15.66 (0.02)  −0.10(0.07)    −0.55(0.14) 0.0180(0.0150) 0.0106(0.0088) 0.0075(0.0062)
    05lz 0.0402 17.33(0.10) 17.55(0.07) 17.59 (0.06)  −0.04(0.08)    −0.22(0.11) 0.1730(0.0680) 0.1018(0.0400) 0.0723(0.0284)
    05mc 0.0261 17.14(0.06) 17.21(0.04) 17.00 (0.04)   0.17(0.05)    −0.04(0.06) 0.0770(0.0510) 0.0453(0.0300) 0.0322(0.0213)
    05ms 0.0259 15.70(0.04) 16.13(0.03) 16.17 (0.03)  −0.08(0.04)    −0.43(0.05) 0.0700(0.0400) 0.0412(0.0235) 0.0293(0.0167)
    05mz 0.0170 16.32(0.13) 16.37(0.11) 16.06 (0.09)   0.24(0.11)     0.07(0.14) 0.2660(0.0890) 0.1565(0.0524) 0.1111(0.0372)
    06ac 0.0236 15.83(0.05) 16.19(0.03) 16.06 (0.03)   0.11(0.04)    −0.35(0.06) 0.1040(0.0470) 0.0612(0.0276) 0.0435(0.0196)
    06ar 0.0229     ...     16.46(0.03) 16.33 (0.03)   0.11(0.04)       ...      0.1960(0.1240) 0.1153(0.0729) 0.0819(0.0518)
    06ax 0.0180 14.47(0.05) 15.01(0.04) 15.08 (0.03)  −0.08(0.04)    −0.50(0.06) 0.0380(0.0290) 0.0224(0.0171) 0.0159(0.0121)
    06az 0.0316 15.87(0.06) 16.45(0.03) 16.55 (0.03)  −0.13(0.04)    −0.52(0.06) 0.0120(0.0120) 0.0071(0.0071) 0.0050(0.0050)
    06br 0.0255     ...     19.08(0.07) 18.09 (0.04)   0.99(0.08)       ...      1.7010(0.1020) 1.0006(0.0600) 0.7104(0.0426)
    06bt 0.0325     ...     16.91(0.04) 16.77 (0.03)   0.12(0.04)       ...      0.4280(0.0530) 0.2518(0.0312) 0.1788(0.0222)
    06bz 0.0277     ...     18.33(0.08) 17.63 (0.03)   0.61(0.05)       ...      0.1820(0.1150) 0.1071(0.0676) 0.0760(0.0480)
    06cc 0.0328 17.60(0.06) 17.81(0.03) 17.45 (0.02)   0.35(0.04)    −0.14(0.07) 0.8120(0.0510) 0.4776(0.0300) 0.3391(0.0213)
    06cm 0.0152     ...     18.05(0.05) 16.96 (0.04)   1.07(0.06)       ...      1.8290(0.0790) 1.0759(0.0465) 0.7639(0.0330)
    06cp 0.0233     ...     15.89(0.14) 15.87 (0.09)   0.02(0.05)       ...      0.4400(0.0640) 0.2588(0.0376) 0.1837(0.0267)
    06D  0.0097 13.90(0.05) 14.13(0.04) 14.06 (0.04)   0.05(0.05)    −0.20(0.06) 0.0760(0.0420) 0.0447(0.0247) 0.0317(0.0175)
    06gj 0.0277     ...     17.67(0.08) 17.28 (0.07)   0.34(0.10)       ...      0.4820(0.1260) 0.2835(0.0741) 0.2013(0.0526)
    06gr 0.0335 16.59(0.09) 16.91(0.07) 16.87 (0.05)   0.03(0.08)    −0.28(0.10) 0.3040(0.0520) 0.1788(0.0306) 0.1269(0.0217)
    06kf 0.0208     ...         ...     15.90 (0.12)     ...            ...      0.0240(0.0240) 0.0141(0.0141) 0.0100(0.0100)
    06le 0.0173 14.26(0.32) 14.78(0.27) 14.85 (0.21)  −0.09(0.27)    −0.50(0.31) 0.0760(0.0600) 0.0447(0.0353) 0.0317(0.0251)
    06lf 0.0130     ...     13.70(0.63) 13.88 (0.49)  −0.18(0.63)       ...      0.0950(0.0740) 0.0559(0.0435) 0.0397(0.0309)
    06mp 0.0229     ...     15.96(0.03) 15.93 (0.04)  −0.00(0.04)       ...      0.1660(0.0680) 0.0976(0.0400) 0.0693(0.0284)
    06N  0.0143     ...     15.08(0.07) 15.09 (0.05)  −0.03(0.07)    −0.43(0.08) 0.0270(0.0230) 0.0159(0.0135) 0.0113(0.0096)
    06nz 0.0372     ...     18.11(0.06) 17.73 (0.05)   0.29(0.08)       ...      0.0940(0.0780) 0.0553(0.0459) 0.0393(0.0326)
    06oa 0.0589 17.46(0.08) 17.84(0.06) 17.85 (0.06)  −0.02(0.08)    −0.30(0.10) 0.1860(0.0670) 0.1094(0.0394) 0.0777(0.0280)
    06ob 0.0582 17.78(0.08) 18.20(0.05) 18.17 (0.04)  −0.02(0.06)    −0.21(0.09) 0.0210(0.0210) 0.0124(0.0124) 0.0088(0.0088)
    06qo 0.0300     ...     16.81(0.04) 16.64 (0.04)   0.17(0.06)       ...      0.4530(0.0630) 0.2665(0.0371) 0.1892(0.0263)
    06S  0.0329 16.34(0.05) 16.79(0.02) 16.75 (0.02)  −0.00(0.03)    −0.43(0.05) 0.2680(0.0460) 0.1576(0.0271) 0.1119(0.0192)
    06sr 0.0232     ...     16.14(0.07) 16.11 (0.05)   0.02(0.07)       ...      0.0850(0.0530) 0.0500(0.0312) 0.0355(0.0222)
    06td 0.0150     ...     15.72(0.06) 15.60 (0.05)   0.11(0.06)       ...      0.1710(0.0790) 0.1006(0.0465) 0.0714(0.0330)
    06X  0.0063 16.28(0.07) 15.28(0.04) 13.97 (0.02)   1.26(0.05)     1.00(0.09) 2.4960(0.0430) 1.4682(0.0253) 1.0424(0.0180)
    07af 0.0063     ...     13.13(0.03) 13.10 (0.02)   0.02(0.03)       ...      0.2150(0.0540) 0.1265(0.0318) 0.0898(0.0226)
    07au 0.0202     ...     16.46(0.06) 16.32 (0.07)   0.12(0.09)       ...      0.0490(0.0390) 0.0288(0.0229) 0.0204(0.0163)
    07bc 0.0219     ...     15.82(0.04) 15.92 (0.03)  −0.11(0.05)       ...      0.0840(0.0590) 0.0494(0.0347) 0.0351(0.0246)
    07bd 0.0320     ...     16.53(0.03) 16.58 (0.03)  −0.06(0.04)       ...      0.0430(0.0330) 0.0253(0.0194) 0.0180(0.0138)
    07ca 0.0152     ...     15.95(0.05) 15.65 (0.04)   0.29(0.05)       ...      0.5800(0.0690) 0.3412(0.0406) 0.2423(0.0288)
    07ci 0.0191     ...         ...     15.86 (0.02)     ...            ...      0.0740(0.0630) 0.0435(0.0371) 0.0309(0.0263)
    07co 0.0266 16.39(0.10) 16.43(0.08) 16.38 (0.06)   0.03(0.08)    −0.02(0.10) 0.3920(0.0690) 0.2306(0.0406) 0.1637(0.0288)
    07cq 0.0247     ...     15.82(0.07) 15.79 (0.06)        0.01(0.08)       ...        0.1090(0.0590)  0.0641(0.0347)   0.0455(0.0246)
    07F  0.0242     ...     15.87(0.03) 15.91 (0.02)       −0.04(0.04)       ...        0.0470(0.0380)  0.0276(0.0224)   0.0196(0.0159)
    07qe 0.0244     ...     16.01(0.04) 15.99 (0.03)       −0.01(0.05)       ...        0.1480(0.0590)  0.0871(0.0347)   0.0618(0.0246)
    07S  0.0137     ...     15.82(0.03) 15.40 (0.03)        0.39(0.04)       ...        0.8330(0.0540)  0.4900(0.0318)   0.3479(0.0226)
    08bf 0.0253 15.29(0.08) 15.72(0.04) 15.68 (0.04)        0.04(0.05)    −0.40(0.09)   0.1020(0.0490)  0.0600(0.0288)   0.0426(0.0204)
