#                        SALT2 Light-Curve Fit Parameters and Distances
#     SN Ia      zb                    mB                  x1                     c                 μa
     03D1au     0.504 (0.001)      22.990 (0.013)      1.058(0.209)           0.018(0.022)     42.498(0.169)
     03D1aw     0.582 (0.001)      23.557 (0.018)     −0.039(0.240)           0.055(0.031)     42.858(0.178)
     03D1ax     0.496 (0.001)      22.956 (0.015)     −0.931(0.167)          −0.033(0.026)     42.384(0.172)
     03D1bp     0.346 (0.001)      22.412 (0.036)     −1.153(0.224)           0.081(0.039)     41.534(0.190)
     03D1co     0.679 (0.001)      24.102 (0.046)      0.666(0.587)          −0.008(0.055)     43.632(0.222)
     03D1ew     0.868 (0.001)      24.361 (0.056)      0.297(0.411)          −0.072(0.180)     44.012(0.479)
     03D1fc     0.331 (0.001)      21.813 (0.020)      0.218(0.186)           0.024(0.017)     41.220(0.166)
     03D1fl     0.688 (0.001)      23.599 (0.017)     −0.262(0.255)          −0.070(0.028)     43.187(0.176)
     03D1fq     0.800 (0.001)      24.529 (0.035)     −1.622(0.525)          −0.034(0.058)     43.888(0.223)
     03D1gt     0.548 (0.001)      24.043 (0.048)     −2.211(0.425)           0.298(0.062)     42.517(0.230)
     03D3af     0.532 (0.001)      23.486 (0.027)     −0.298(0.276)           0.027(0.039)     42.830(0.190)
     03D3aw     0.449 (0.001)      22.548 (0.038)     −0.132(0.291)          −0.080(0.035)     42.175(0.186)
     03D3ay     0.371 (0.001)      22.215 (0.043)      0.250(0.280)          −0.051(0.033)     41.811(0.185)
     03D3ba     0.291 (0.001)      21.982 (0.029)      0.364(0.172)           0.207(0.029)     40.949(0.177)
     03D3cc     0.463 (0.001)      22.660 (0.046)      0.417(0.294)          −0.009(0.043)     42.168(0.198)
     03D3cd     0.461 (0.001)      22.593 (0.070)      2.016(1.001)           0.017(0.048)     42.202(0.234)
     03D4ag     0.285 (0.001)      21.202 (0.020)      0.789(0.148)          −0.104(0.014)     40.985(0.164)
     03D4at     0.633 (0.001)      23.712 (0.022)     −0.389(0.356)          −0.072(0.037)     43.293(0.188)
     03D4cx     0.949 (0.001)      24.484 (0.069)     −0.586(0.578)           0.120(0.133)     43.569(0.376)
     03D4cy     0.927 (0.001)      24.699 (0.087)      0.258(0.497)          −0.366(0.186)     45.074(0.498)
     03D4cz     0.695 (0.001)      24.039 (0.041)     −2.360(0.412)          −0.069(0.060)     43.406(0.226)
     03D4dh     0.627 (0.001)      23.367 (0.018)      0.845(0.208)          −0.013(0.026)     42.928(0.173)
     03D4di     0.905 (0.001)      24.271 (0.055)      1.029(0.414)          −0.022(0.133)     43.874(0.372)
     03D4dy     0.604 (0.001)      23.288 (0.018)      0.887(0.195)           0.079(0.027)     42.628(0.173)
     03D4fd     0.791 (0.001)      24.216 (0.025)     −0.143(0.479)          −0.043(0.055)     43.749(0.216)
     03D4gf     0.581 (0.001)      23.327 (0.014)      0.209(0.336)          −0.062(0.026)     42.945(0.175)
     03D4gg     0.592 (0.001)      23.387 (0.021)      0.014(0.361)           0.054(0.037)     42.697(0.187)
     03D4gl     0.571 (0.001)      23.361 (0.058)      3.871(0.884)           0.038(0.073)     43.111(0.263)
     04D1ag     0.557 (0.001)      23.025 (0.011)      0.414(0.191)          −0.116(0.021)     42.798(0.168)
     04D1aj     0.721 (0.001)      23.860 (0.028)      0.525(0.459)           0.008(0.041)     43.337(0.196)
     04D1ak     0.526 (0.001)      23.612 (0.041)     −2.035(0.353)           0.052(0.052)     42.714(0.211)
     04D2cf     0.369 (0.001)      22.559 (0.035)     −1.439(0.315)           0.052(0.032)     41.722(0.183)
     04D2fp     0.415 (0.001)      22.521 (0.022)      0.130(0.198)          −0.029(0.026)     42.048(0.173)
     04D2fs     0.357 (0.001)      22.395 (0.017)     −0.091(0.154)           0.093(0.017)     41.598(0.165)
     04D2gb     0.430 (0.001)      22.809 (0.039)     −2.313(0.299)           0.008(0.048)     41.991(0.203)
     04D2gp     0.707 (0.001)      24.149 (0.048)     −1.868(0.529)          −0.047(0.074)     43.515(0.254)
     04D2iu     0.691 (0.001)      24.266 (0.046)     −1.907(0.538)           0.091(0.070)     43.285(0.245)
     04D2ja     0.741 (0.001)      24.109 (0.043)      0.003(0.433)          −0.133(0.054)     43.881(0.216)
     04D3co     0.620 (0.001)      23.771 (0.029)     −0.794(0.276)          −0.070(0.041)     43.304(0.192)
     04D3cp     0.830 (0.001)      24.198 (0.043)      1.317(0.403)          −0.431(0.190)     44.844(0.500)
     04D3cy     0.643 (0.001)      23.795 (0.027)      0.216(0.283)           0.017(0.036)     43.217(0.186)
     04D3dd     1.010 (0.001)      25.063 (0.159)      1.138(0.655)          −0.121(0.214)     44.924(0.580)
     04D3df     0.470 (0.001)      23.513 (0.029)     −2.280(0.298)           0.142(0.038)     42.367(0.189)
     04D3do     0.610 (0.001)      23.564 (0.018)     −1.280(0.220)          −0.064(0.030)     43.032(0.177)
     04D3ez     0.263 (0.001)      21.662 (0.017)     −0.976(0.144)           0.084(0.016)     40.794(0.165)
     04D3fk     0.358 (0.001)      22.525 (0.017)     −0.412(0.128)           0.137(0.016)     41.587(0.165)
     04D3fq     0.730 (0.001)      24.092 (0.026)     −0.770(0.398)           0.004(0.048)     43.444(0.204)
     04D3gt     0.451 (0.001)      23.235 (0.016)     −0.226(0.164)           0.297(0.023)     41.919(0.169)
     04D3gx     0.910 (0.001)      24.716 (0.074)     −0.181(0.511)          −0.227(0.176)     44.702(0.472)
     04D3hn     0.552 (0.001)      23.472 (0.015)     −0.946(0.167)           0.156(0.024)     42.430(0.171)
     04D3is     0.710 (0.001)      24.229 (0.031)      0.205(0.405)           0.203(0.046)     43.188(0.202)
     04D3ki     0.930 (0.001)      24.860 (0.100)     −0.938(0.457)          −0.226(0.207)     44.763(0.549)
     04D3kr     0.337 (0.001)      21.932 (0.021)      1.097(0.185)           0.013(0.017)     41.456(0.166)
     04D3ks     0.752 (0.001)      23.851 (0.037)      0.332(0.433)          −0.059(0.053)     43.475(0.214)
     04D3lu     0.822 (0.001)      24.339 (0.031)     −0.082(0.354)           0.096(0.125)     43.534(0.350)
     04D3ml     0.950 (0.001)      24.494 (0.070)      1.356(0.641)           0.096(0.141)     43.841(0.395)
     04D3nc     0.817 (0.001)      24.272 (0.056)      1.812(1.234)           0.007(0.154)     43.885(0.437)
     04D3nh     0.340 (0.001)      22.089 (0.016)      0.418(0.171)           0.033(0.015)     41.494(0.164)
     04D3nr     0.960 (0.001)      24.528 (0.061)     −0.585(0.536)           0.083(0.116)     43.705(0.337)
     04D3ny     0.810 (0.001)      24.277 (0.038)      0.852(0.889)          −0.076(0.170)     43.996(0.461)
     04D3oe     0.756 (0.001)      24.070 (0.031)     −1.849(0.459)          −0.282(0.051)     44.019(0.211)
     04D4an     0.613 (0.001)      24.027 (0.027)     −1.601(0.387)           0.078(0.035)     43.111(0.187)
     04D4bk     0.840 (0.001)      24.291 (0.033)      1.192(0.650)           0.209(0.103)     43.339(0.309)
     04D4bq     0.550 (0.001)      23.333 (0.024)      0.109(0.404)           0.126(0.030)     42.475(0.182)
     04D4dm     0.811 (0.001)      24.398 (0.040)      0.859(1.095)          −0.130(0.165)     44.250(0.455)
     2002dc     0.475 (0.010)      23.175 (0.129)     −1.233(0.346)           0.077(0.126)     42.299(0.375)
     2002dd     0.950 (0.010)      24.596 (0.033)      1.352(0.373)           0.104(0.046)     43.921(0.201)
     Eagle      1.020 (0.010)      24.931 (0.027)     −0.178(0.406)           0.004(0.050)     44.345(0.206)
     Ferguson   1.020 (0.010)      24.816 (0.060)      0.956(0.568)           0.099(0.059)     44.112(0.230)
     Gabi       1.120 (0.010)      25.080 (0.024)      0.091(0.372)           0.009(0.042)     44.509(0.195)
     Koekemoer  1.230 (0.010)      25.284 (0.092)     −0.022(0.651)          −0.034(0.074)     44.809(0.268)
     Lancaster  1.230 (0.010)      26.057 (0.050)     −0.626(0.678)           0.130(0.045)     45.113(0.211)
     Manipogo   0.854 (0.010)      24.535 (0.028)     −1.197(0.425)           0.016(0.048)     43.813(0.205)
     Mcguire    1.370 (0.010)      25.616 (0.046)      0.750(0.626)           0.023(0.036)     45.079(0.199)
     Ombo       0.975 (0.010)      24.858 (0.031)      1.850(0.426)           0.069(0.034)     44.323(0.187)
     Patuxent   0.970 (0.010)      24.983 (0.025)     −0.866(1.230)          −0.122(0.061)     44.639(0.255)
     Rakke      0.740 (0.010)      23.902 (0.043)     −0.280(0.330)          −0.085(0.040)     43.526(0.194)
     Spock      0.839 (0.010)      24.133 (0.132)     −0.124(0.508)          −0.018(0.088)     43.608(0.305)
     Strolger   1.010 (0.010)      24.945 (0.102)      2.255(1.978)          −0.071(0.061)     44.797(0.317)
     Thames     0.954 (0.010)      24.638 (0.258)     −0.688(0.631)          −0.056(0.118)     44.149(0.426)
     Zwicky     0.521 (0.010)      23.055 (0.055)      1.129(0.651)           0.045(0.042)     42.504(0.208)
     anguta     0.670 (0.010)      24.228 (0.035)     −1.181(0.328)           0.087(0.032)     43.331(0.184)
     aphrodite  1.300 (0.010)      25.623 (0.024)      0.518(0.371)           0.033(0.038)     45.038(0.189)
     athena     1.400 (0.010)      26.549 (0.184)     −0.496(2.243)           0.000(0.000)     45.940(0.336)
     bilbo      0.216 (0.010)      22.233 (0.186)     −0.021(0.716)           0.485(0.116)     40.473(0.385)
     borg       1.340 (0.010)      25.699 (0.042)      1.716(0.637)           0.111(0.047)     45.046(0.212)
     elvis      0.840 (0.010)      24.359 (0.020)     −0.303(0.463)           0.085(0.027)     43.558(0.179)
     frodo      0.735 (0.010)      23.981 (0.071)     −0.434(0.334)          −0.015(0.071)     43.415(0.249)
     gilgamesh  1.551 (0.010)      26.513 (0.055)     −0.017(0.848)           0.252(0.037)     45.329(0.211)
     inanna     1.307 (0.010)      26.631 (0.123)     −2.938(1.896)           0.209(0.085)     45.249(0.351)
     isis       0.526 (0.010)      24.229 (0.100)      2.344(1.088)           0.191(0.054)     43.441(0.257)
     mcenroe    0.900 (0.010)      24.084 (0.015)     −0.132(0.227)           0.137(0.028)     43.174(0.175)
     nanna      1.140 (0.010)      25.385 (0.041)      0.232(0.431)           0.052(0.063)     44.722(0.231)
     qiqirn     0.640 (0.010)      24.271 (0.206)     −0.999(0.940)           0.212(0.122)     43.085(0.410)
     ramone     0.954 (0.010)      24.581 (0.064)     −1.193(0.556)          −0.167(0.060)     44.312(0.233)
     sasquatch  1.390 (0.010)      25.857 (0.064)      1.625(0.868)           0.190(0.047)     44.997(0.225)
     torngasak  1.265 (0.010)      25.715 (0.047)      0.260(0.705)           0.127(0.047)     44.870(0.214)
     vilas      0.935 (0.010)      24.391 (0.037)     −0.217(0.262)           0.071(0.052)     43.635(0.209)
     b010       0.590 (0.003)      23.405 (0.079)      1.999(0.909)          −0.117(0.095)     43.346(0.309)
     b013       0.427 (0.003)      22.623 (0.043)     −0.596(0.405)           0.024(0.052)     41.943(0.213)
     b020       0.426 (0.003)      22.461 (0.218)     −1.417(1.830)           0.043(0.199)     41.648(0.592)
     d033       0.530 (0.008)      23.088 (0.081)      3.825(1.148)          −0.291(0.099)     43.649(0.325)
     d083       0.333 (0.001)      21.002 (0.033)      1.250(0.220)          −0.053(0.035)     40.705(0.185)
     d084       0.516 (0.006)      23.647 (0.065)      0.615(0.886)          −0.024(0.100)     43.213(0.314)
     d085       0.401 (0.008)      22.450 (0.048)      0.654(0.390)           0.043(0.059)     41.854(0.224)
     d086       0.204 (0.003)      21.098 (0.093)     −0.303(0.196)           0.173(0.082)     40.080(0.275)
     d087       0.337 (0.004)      21.965 (0.058)     −0.711(0.337)           0.015(0.062)     41.295(0.231)
     d089       0.424 (0.003)      22.460 (0.041)      0.123(0.382)          −0.052(0.049)     42.044(0.207)
     d093       0.361 (0.003)      21.897 (0.048)      1.087(0.279)          −0.102(0.048)     41.705(0.205)
     d097       0.434 (0.007)      22.501 (0.049)      1.744(0.504)           0.021(0.058)     42.073(0.226)
     d099       0.210 (0.002)      21.126 (0.102)     −0.758(0.214)          −0.047(0.088)     40.606(0.289)
     d117       0.301 (0.005)      22.367 (0.100)     −1.845(0.358)           0.097(0.092)     41.378(0.296)
     d149       0.344 (0.008)      22.092 (0.045)      0.385(0.355)           0.007(0.044)     41.556(0.200)
     e020       0.159 (0.006)      21.062 (0.150)      0.029(0.377)           0.372(0.127)     39.585(0.384)
     e029       0.332 (0.008)      22.390 (0.078)     −2.800(0.947)           0.040(0.079)     41.442(0.282)
     e108       0.472 (0.007)      22.622 (0.088)      3.370(1.706)          −0.069(0.092)     42.586(0.341)
     e132       0.235 (0.006)      21.771 (0.065)     −0.337(0.248)           0.300(0.060)     40.435(0.229)
     e136       0.348 (0.006)      22.735 (0.054)     −2.029(0.611)           0.134(0.060)     41.636(0.233)
     e138       0.611 (0.006)      23.748 (0.050)     −3.866(0.730)           0.259(0.101)     42.147(0.310)
     e140       0.614 (0.006)      23.345 (0.024)      0.676(0.475)           0.044(0.046)     42.749(0.203)
     e147       0.641 (0.008)      23.336 (0.047)     −0.385(0.442)          −0.105(0.058)     42.999(0.223)
     e148       0.429 (0.006)      22.633 (0.034)     −1.105(0.350)          −0.049(0.045)     42.081(0.199)
     e149       0.491 (0.006)      23.686 (0.054)      5.000(0.253)           0.581(0.076)     42.209(0.253)
     f011       0.536 (0.006)      23.279 (0.037)     −1.458(0.500)           0.060(0.062)     42.422(0.230)
     f041       0.558 (0.007)      23.120 (0.044)      2.736(1.100)          −0.092(0.065)     43.075(0.257)
     f076       0.410 (0.004)      22.346 (0.064)     −1.000(0.638)           0.060(0.090)     41.536(0.288)
     f216       0.595 (0.011)      23.774 (0.077)     −3.248(1.067)          −0.038(0.132)     42.973(0.387)
     f221       0.443 (0.004)      23.080 (0.088)     −1.756(0.685)          −0.363(0.117)     43.239(0.350)
     f231       0.620 (0.008)      23.447 (0.035)      1.243(0.354)          −0.076(0.062)     43.205(0.227)
     f235       0.422 (0.006)      22.403 (0.056)     −1.202(0.494)          −0.079(0.065)     41.917(0.238)
     f244       0.546 (0.005)      23.311 (0.050)     −1.016(0.793)           0.003(0.080)     42.641(0.271)
     g001       0.268 (0.002)      21.441 (0.078)     −2.030(0.312)          −0.066(0.070)     40.834(0.249)
     g005       0.218 (0.007)      21.404 (0.089)      1.348(0.306)           0.319(0.081)     40.197(0.272)
     g052       0.384 (0.006)      22.335 (0.082)     −2.037(0.419)          −0.115(0.090)     41.851(0.289)
     g055       0.302 (0.006)      23.119 (0.126)      2.087(0.589)           0.489(0.109)     41.568(0.342)
     g097       0.339 (0.004)      22.267 (0.078)      0.481(0.426)           0.209(0.073)     41.241(0.257)
     g160       0.507 (0.019)      22.972 (0.070)      1.439(0.600)           0.117(0.079)     42.276(0.269)
     g240       0.689 (0.005)      23.410 (0.075)     −0.046(0.883)          −0.130(0.084)     43.170(0.286)
     g276       0.244 (0.001)      21.701 (0.059)     −0.383(0.135)           0.245(0.058)     40.497(0.222)
     h300       0.656 (0.011)      23.492 (0.053)      0.737(0.648)           0.007(0.066)     42.994(0.243)
     h319       0.478 (0.002)      22.882 (0.045)      1.025(0.664)           0.011(0.052)     42.403(0.220)
     h323       0.603 (0.007)      23.481 (0.045)     −0.314(0.584)           0.028(0.077)     42.822(0.258)
     h342       0.421 (0.005)      22.407 (0.061)      1.359(0.658)          −0.136(0.062)     42.328(0.238)
     h359       0.348 (0.005)      22.597 (0.051)     −0.115(0.342)           0.107(0.054)     41.762(0.216)
     h363       0.211 (0.005)      22.054 (0.097)     −0.727(0.269)           0.457(0.086)     40.289(0.284)
     h364       0.344 (0.004)      21.716 (0.045)     −0.470(0.280)          −0.099(0.048)     41.354(0.205)
     k411       0.565 (0.003)      22.852 (0.208)     −0.630(1.395)          −0.133(0.187)     42.557(0.550)
     k425       0.274 (0.003)      22.018 (0.070)     −0.079(0.306)           0.224(0.063)     40.899(0.235)
     k429       0.171 (0.006)      20.359 (0.112)      0.150(0.194)          −0.015(0.098)     39.854(0.311)
     k430       0.576 (0.007)      23.801 (0.040)     −0.353(0.821)          −0.062(0.088)     43.359(0.286)
     k441       0.671 (0.007)      23.690 (0.037)      1.456(0.849)           0.098(0.070)     43.042(0.254)
     k448       0.405 (0.007)      23.326 (0.113)      0.278(1.361)           0.282(0.124)     42.099(0.391)
     k490       0.709 (0.001)      23.882 (0.045)      0.131(0.919)           0.183(0.075)     42.886(0.265)
     m026       0.656 (0.006)      23.604 (0.065)     −0.364(1.183)           0.123(0.110)     42.704(0.344)
     m027       0.285 (0.003)      22.478 (0.105)      0.536(0.853)           0.244(0.089)     41.371(0.305)
     m032       0.155 (0.004)      20.540 (0.331)      1.714(1.857)           0.159(0.270)     39.768(0.786)
     m034       0.562 (0.006)      23.351 (0.071)      0.383(0.976)          −0.144(0.107)     43.191(0.333)
     m039       0.249 (0.003)      22.220 (0.110)     −1.141(0.558)           0.324(0.099)     40.742(0.317)
     m062       0.316 (0.004)      21.887 (0.091)     −0.564(0.723)          −0.066(0.077)     41.433(0.275)
     m158       0.461 (0.007)      23.122 (0.066)      0.547(0.549)           0.208(0.082)     42.106(0.271)
     m193       0.336 (0.006)      21.607 (0.074)     −0.424(0.349)          −0.063(0.056)     41.161(0.226)
     n256       0.631 (0.011)      23.357 (0.027)      0.357(0.543)          −0.085(0.044)     43.047(0.201)
     n263       0.368 (0.007)      21.974 (0.036)     −0.581(0.324)          −0.136(0.043)     41.691(0.197)
     n278       0.308 (0.006)      21.742 (0.057)     −1.968(0.521)          −0.036(0.059)     41.068(0.229)
     n285       0.531 (0.009)      23.275 (0.104)      1.108(1.631)           0.126(0.111)     42.520(0.374)
     n326       0.267 (0.006)      21.956 (0.161)     −4.612(0.737)          −0.049(0.146)     41.041(0.433)
     n404       0.285 (0.006)      21.919 (0.098)     −0.537(0.294)           0.291(0.087)     40.584(0.286)
     p425       0.456 (0.004)      24.017 (0.123)      4.292(1.890)           0.543(0.134)     42.562(0.435)
     p455       0.285 (0.006)      21.675 (0.054)     −1.126(0.267)          −0.010(0.051)     41.026(0.211)
     p524       0.511 (0.003)      22.932 (0.063)      0.879(0.776)           0.051(0.054)     42.339(0.232)
     p528       0.780 (0.009)      24.049 (0.071)     −0.551(1.357)          −0.074(0.131)     43.617(0.394)
     sn90O      0.031 (0.001)      16.187 (0.025)      0.338(0.191)          −0.005(0.022)     35.677(0.194)
     sn90af     0.050 (0.001)      17.751 (0.013)     −2.633(0.245)           0.066(0.018)     36.755(0.176)
     sn91U      0.033 (0.001)      16.417 (0.055)      0.181(0.205)           0.110(0.030)     35.607(0.203)
     sn91ag     0.014 (0.001)      14.390 (0.021)      0.743(0.160)           0.020(0.018)     33.860(0.260)
     sn92J      0.046 (0.001)      18.660 (0.036)     −0.245(0.326)           0.665(0.032)     36.429(0.194)
     sn92P      0.026 (0.001)      16.043 (0.018)      0.168(0.351)          −0.009(0.021)     35.524(0.202)
     sn92ae     0.075 (0.001)      18.417 (0.023)     −0.811(0.193)           0.022(0.026)     37.719(0.178)
     sn92ag     0.026 (0.001)      16.280 (0.021)     −0.530(0.175)           0.221(0.021)     35.121(0.201)
     sn92al     0.014 (0.001)      14.546 (0.012)     −0.295(0.073)          −0.027(0.013)     34.023(0.254)
     sn92aq     0.101 (0.001)      19.267 (0.048)     −1.364(0.404)          −0.021(0.034)     38.619(0.192)
     sn92bc     0.020 (0.001)      15.068 (0.009)      0.310(0.073)          −0.060(0.010)     34.691(0.214)
     sn92bh     0.045 (0.001)      17.586 (0.022)     −0.068(0.217)           0.101(0.021)     36.771(0.181)
     sn92bk     0.058 (0.001)      18.036 (0.123)     −2.105(0.322)          −0.045(0.076)     37.370(0.281)
     sn92bl     0.043 (0.001)      17.299 (0.055)     −2.013(0.221)           0.014(0.036)     36.497(0.202)
     sn92bp     0.079 (0.001)      18.276 (0.014)     −1.258(0.190)          −0.026(0.017)     37.652(0.169)
     sn92br     0.088 (0.001)      19.618 (0.037)     −2.572(0.293)           0.209(0.051)     38.275(0.211)
     sn92bs     0.063 (0.001)      18.267 (0.029)     −0.389(0.188)           0.024(0.019)     37.610(0.174)
     sn93B      0.071 (0.001)      18.447 (0.018)     −0.667(0.196)           0.104(0.021)     37.563(0.173)
     sn93O      0.052 (0.001)      17.612 (0.013)     −0.948(0.100)          −0.015(0.014)     36.993(0.172)
     sn93ac     0.049 (0.001)      17.717 (0.037)     −1.159(0.310)           0.060(0.030)     36.891(0.190)
     sn93ag     0.050 (0.001)      17.789 (0.018)     −1.068(0.199)           0.114(0.022)     36.839(0.179)
     sn94M      0.024 (0.001)      16.274 (0.021)     −1.746(0.174)           0.104(0.021)     35.276(0.205)
     sn94S      0.016 (0.001)      14.762 (0.021)      0.226(0.260)          −0.002(0.019)     34.232(0.242)
     sn94T      0.036 (0.001)      16.914 (0.027)     −1.489(0.168)           0.030(0.024)     36.126(0.189)
     sn95ac     0.049 (0.001)      17.039 (0.011)      0.591(0.119)           0.011(0.010)     36.516(0.171)
     sn95ak     0.022 (0.001)      15.935 (0.046)     −1.376(0.237)           0.079(0.030)     35.038(0.223)
     sn95bd     0.014 (0.001)      15.233 (0.015)      0.598(0.137)           0.328(0.015)     33.926(0.253)
     sn96C      0.028 (0.001)      16.595 (0.034)      0.421(0.235)           0.116(0.021)     35.793(0.200)
     sn96ab     0.124 (0.001)      19.540 (0.024)     −0.907(0.252)          −0.062(0.024)     39.043(0.174)
     sn96bl     0.035 (0.001)      16.673 (0.016)     −0.181(0.153)           0.055(0.015)     35.961(0.183)
     sn96bo     0.016 (0.001)      15.821 (0.014)     −0.968(0.160)           0.397(0.014)     34.179(0.236)
     sn96bv     0.017 (0.001)      15.277 (0.035)      0.936(0.418)           0.190(0.022)     34.347(0.243)
     sn97E      0.013 (0.001)      15.093 (0.015)     −1.830(0.248)           0.089(0.015)     34.124(0.265)
     sn97Y      0.017 (0.001)      15.303 (0.023)     −1.264(0.277)           0.041(0.022)     34.512(0.240)
     sn97dg     0.030 (0.001)      16.805 (0.016)     −0.869(0.260)           0.002(0.015)     36.151(0.191)
     sn97do     0.011 (0.001)      14.322 (0.025)     −0.212(0.252)           0.135(0.017)     33.408(0.309)
     sn98V      0.017 (0.001)      15.070 (0.018)     −0.315(0.148)           0.030(0.013)     34.404(0.230)
     sn98ab     0.028 (0.001)      16.090 (0.017)      0.130(0.116)           0.108(0.014)     35.278(0.192)
     sn98dx     0.054 (0.001)      17.510 (0.033)     −1.713(0.387)          −0.073(0.021)     36.956(0.182)
     sn98ef     0.017 (0.001)      14.806 (0.025)     −1.389(0.257)          −0.005(0.018)     34.117(0.237)
     sn98eg     0.024 (0.001)      16.077 (0.015)     −0.822(0.356)           0.047(0.018)     35.317(0.207)
     sn99aa     0.015 (0.001)      14.694 (0.009)      0.981(0.073)          −0.015(0.009)     34.277(0.242)
     sn99aw     0.039 (0.001)      16.710 (0.017)      2.064(0.186)          −0.011(0.017)     36.395(0.181)
     sn99cc     0.032 (0.001)      16.754 (0.009)     −1.756(0.161)           0.063(0.011)     35.857(0.185)
     sn99cp     0.010 (0.001)      13.928 (0.018)     −0.043(0.215)          −0.019(0.017)     33.412(0.310)
     sn99dk     0.014 (0.001)      14.882 (0.015)      0.801(0.118)           0.160(0.013)     34.011(0.257)
     sn99dq     0.013 (0.001)      14.348 (0.007)      0.287(0.034)           0.118(0.008)     33.529(0.259)
     sn99ee     0.011 (0.001)      14.835 (0.005)      0.586(0.040)           0.328(0.005)     33.526(0.302)
     sn99ef     0.038 (0.001)      17.029 (0.055)      0.308(0.322)          −0.003(0.022)     36.510(0.194)
     sn99ej     0.013 (0.001)      15.345 (0.088)     −2.093(0.401)           0.042(0.045)     34.465(0.305)
     sn99ek     0.018 (0.001)      15.588 (0.008)     −0.999(0.116)           0.170(0.009)     34.505(0.225)
     sn99gd     0.019 (0.001)      16.915 (0.030)     −1.114(0.226)           0.460(0.021)     35.102(0.224)
     sn99gp     0.026 (0.001)      15.984 (0.009)      1.443(0.094)           0.057(0.010)     35.437(0.194)
     sn00bh     0.024 (0.001)      15.928 (0.040)     −0.536(0.124)           0.075(0.021)     35.130(0.207)
     sn00ca     0.025 (0.001)      15.525 (0.013)      0.261(0.127)          −0.074(0.011)     35.178(0.198)
     sn00ce     0.017 (0.001)      17.008 (0.022)      0.613(0.179)           0.579(0.017)     35.081(0.237)
     sn00cf     0.036 (0.001)      17.020 (0.024)     −0.836(0.129)           0.017(0.015)     36.332(0.182)
     sn00cn     0.023 (0.001)      16.573 (0.018)     −2.380(0.243)           0.199(0.016)     35.277(0.206)
     sn00dk     0.016 (0.001)      15.347 (0.016)     −2.496(0.267)           0.062(0.016)     34.376(0.238)
     sn00fa     0.022 (0.001)      15.864 (0.021)      0.361(0.130)           0.099(0.015)     35.098(0.209)
     sn01ah     0.058 (0.001)      17.608 (0.026)      1.221(0.303)           0.025(0.022)     37.116(0.179)
     sn01az     0.041 (0.001)      16.891 (0.029)      0.472(0.347)          −0.044(0.016)     36.492(0.183)
     sn01ba     0.030 (0.001)      16.163 (0.009)     −0.038(0.126)          −0.096(0.011)     35.840(0.186)
     sn01bf     0.015 (0.001)      14.682 (0.016)      0.718(0.146)           0.011(0.012)     34.172(0.244)
     sn01bt     0.014 (0.001)      15.289 (0.011)     −0.782(0.063)           0.259(0.012)     34.009(0.251)
     sn01cn     0.015 (0.001)      15.237 (0.015)     −0.445(0.060)           0.203(0.011)     34.129(0.242)
     sn01cp     0.022 (0.001)      15.110 (0.176)     −1.851(1.162)          −0.341(0.106)     35.204(0.394)
     sn01cz     0.016 (0.001)      15.029 (0.012)     −0.077(0.118)           0.125(0.012)     34.154(0.235)
     sn01da     0.016 (0.001)      15.366 (0.034)     −4.263(0.815)           0.033(0.036)     34.284(0.267)
     sn01eh     0.036 (0.001)      16.572 (0.014)      1.159(0.112)           0.016(0.013)     36.095(0.180)
     sn01en     0.015 (0.001)      15.062 (0.047)     −1.130(0.186)           0.085(0.025)     34.176(0.252)
     sn01ep     0.013 (0.001)      14.869 (0.012)     −1.200(0.138)           0.132(0.012)     33.859(0.268)
     sn01fe     0.014 (0.001)      14.636 (0.017)      0.360(0.136)           0.015(0.015)     34.078(0.254)
     sn01fh     0.011 (0.001)      14.199 (0.021)     −2.503(0.301)          −0.033(0.021)     33.463(0.294)
     sn01ie     0.031 (0.001)      16.576 (0.055)     −1.119(0.206)           0.042(0.027)     35.798(0.203)
     sn01N      0.022 (0.001)      16.552 (0.029)     −0.602(0.268)           0.369(0.021)     35.017(0.213)
     sn02bf     0.025 (0.001)      16.305 (0.040)     −0.389(0.189)           0.228(0.025)     35.143(0.209)
     sn02bz     0.038 (0.001)      16.935 (0.103)     −1.718(0.405)          −0.073(0.052)     36.380(0.245)
     sn02ck     0.030 (0.001)      16.289 (0.015)     −0.101(0.122)          −0.018(0.015)     35.764(0.188)
     sn02cr     0.010 (0.001)      14.191 (0.018)     −0.652(0.116)           0.031(0.015)     33.489(0.311)
     sn02de     0.028 (0.001)      16.624 (0.013)     −0.042(0.397)           0.164(0.013)     35.655(0.195)
     sn02dj     0.010 (0.001)      13.950 (0.011)     −0.114(0.146)           0.170(0.012)     32.960(0.308)
     sn02do     0.015 (0.001)      15.450 (0.111)     −3.563(0.441)           0.028(0.052)     34.453(0.300)
     sn02dp     0.011 (0.001)      14.548 (0.014)     −0.654(0.227)           0.145(0.014)     33.562(0.307)
     sn02es     0.018 (0.001)      16.573 (0.040)     −1.844(0.264)           0.408(0.028)     34.815(0.240)
     sn02G      0.035 (0.001)      17.511 (0.076)     −2.017(0.707)           0.250(0.048)     36.125(0.239)
     sn02ha     0.013 (0.001)      14.671 (0.020)     −1.731(0.248)          −0.029(0.018)     34.006(0.266)
     sn02hd     0.036 (0.001)      16.709 (0.016)     −0.776(0.439)           0.092(0.015)     35.843(0.187)
     sn02he     0.025 (0.001)      16.231 (0.039)     −2.118(0.268)           0.012(0.026)     35.424(0.210)
     sn02hu     0.038 (0.001)      16.582 (0.011)      0.096(0.134)          −0.052(0.010)     36.163(0.177)
     sn02hw     0.016 (0.001)      16.681 (0.031)     −2.245(0.255)           0.531(0.026)     34.574(0.245)
     sn02jy     0.020 (0.001)      15.690 (0.013)      0.819(0.167)           0.011(0.013)     35.190(0.214)
     sn02kf     0.019 (0.001)      15.651 (0.027)     −1.370(0.164)           0.023(0.018)     34.893(0.220)
     sn03U      0.028 (0.001)      16.457 (0.043)     −2.613(0.542)           0.030(0.033)     35.553(0.217)
     sn03W      0.021 (0.001)      15.853 (0.010)     −0.275(0.095)           0.190(0.010)     34.796(0.209)
     sn03ch     0.030 (0.001)      16.654 (0.017)     −1.630(0.213)           0.019(0.017)     35.879(0.192)
     sn03cq     0.034 (0.001)      17.208 (0.047)     −0.985(0.239)           0.227(0.041)     35.985(0.213)
     sn03fa     0.039 (0.001)      16.642 (0.016)      1.128(0.134)          −0.005(0.013)     36.215(0.178)
     sn03hu     0.075 (0.001)      18.403 (0.103)      0.872(0.420)           0.166(0.036)     37.525(0.217)
     sn03ic     0.054 (0.001)      17.630 (0.026)     −2.497(0.319)           0.018(0.027)     36.769(0.184)
     sn03it     0.024 (0.001)      16.334 (0.025)     −1.738(0.341)           0.086(0.027)     35.383(0.212)
     sn03iv     0.034 (0.001)      16.956 (0.024)     −2.422(0.468)          −0.024(0.025)     36.204(0.198)
     sn04as     0.032 (0.001)      16.948 (0.015)     −0.137(0.166)           0.134(0.015)     36.044(0.186)
     sn04bg     0.022 (0.001)      15.528 (0.050)      0.403(0.172)          −0.001(0.026)     35.015(0.220)
     sn04L      0.033 (0.001)      17.377 (0.034)     −1.147(0.306)           0.285(0.025)     35.993(0.196)
     sn05dv     0.011 (0.001)      16.280 (0.030)      0.696(1.226)           0.789(0.020)     33.842(0.333)
     sn05el     0.015 (0.001)      14.804 (0.013)     −1.747(0.077)          −0.065(0.013)     34.225(0.248)
     sn05eq     0.028 (0.001)      16.223 (0.012)      0.820(0.093)           0.034(0.010)     35.668(0.189)
     sn05eu     0.034 (0.001)      16.361 (0.024)      0.686(0.122)          −0.064(0.021)     36.034(0.188)
     sn05hc     0.045 (0.001)      17.311 (0.010)     −0.022(0.140)           0.008(0.009)     36.731(0.173)
     sn05hf     0.042 (0.001)      17.232 (0.042)     −2.382(0.264)          −0.051(0.033)     36.552(0.196)
     sn05hj     0.057 (0.001)      17.661 (0.027)      1.707(0.337)          −0.019(0.018)     37.328(0.177)
     sn05iq     0.033 (0.001)      16.787 (0.015)     −1.556(0.187)          −0.041(0.014)     36.169(0.185)
     sn05ir     0.075 (0.001)      18.329 (0.029)      2.979(0.540)          −0.069(0.030)     38.252(0.190)
     sn05kc     0.014 (0.001)      15.616 (0.012)     −0.747(0.100)           0.320(0.012)     34.187(0.257)
     sn05ki     0.021 (0.001)      15.546 (0.021)     −2.077(0.148)          −0.058(0.018)     34.914(0.214)
     sn05ls     0.021 (0.001)      16.151 (0.018)      0.574(0.191)           0.372(0.013)     34.732(0.213)
     sn05lz     0.040 (0.001)      17.590 (0.015)     −1.461(0.188)           0.127(0.015)     36.567(0.179)
     sn05mc     0.026 (0.001)      17.236 (0.018)     −3.041(0.242)           0.309(0.017)     35.597(0.199)
     sn05ms     0.026 (0.001)      16.107 (0.011)     −0.052(0.091)           0.012(0.010)     35.514(0.194)
     sn05na     0.027 (0.001)      16.099 (0.016)     −0.730(0.101)           0.012(0.014)     35.436(0.194)
     sn06ac     0.024 (0.001)      16.164 (0.012)     −0.968(0.098)           0.126(0.011)     35.193(0.201)
     sn06ak     0.039 (0.001)      17.173 (0.074)     −1.652(0.225)           0.047(0.045)     36.328(0.221)
     sn06al     0.069 (0.001)      18.395 (0.027)     −2.277(0.327)          −0.012(0.025)     37.630(0.180)
     sn06an     0.065 (0.001)      18.034 (0.033)      0.186(0.209)           0.026(0.016)     37.430(0.173)
     sn06ar     0.023 (0.001)      16.450 (0.013)     −0.828(0.294)           0.177(0.014)     35.367(0.206)
     sn06ax     0.018 (0.001)      15.006 (0.008)     −0.052(0.057)          −0.039(0.008)     34.541(0.223)
     sn06az     0.032 (0.001)      16.436 (0.012)     −1.758(0.090)          −0.052(0.011)     35.824(0.184)
     sn06bq     0.021 (0.001)      16.218 (0.014)     −1.900(0.115)           0.162(0.012)     35.062(0.208)
     sn06bt     0.033 (0.001)      16.896 (0.008)      0.069(0.104)           0.162(0.008)     35.944(0.182)
     sn06bu     0.084 (0.001)      18.133 (0.090)      2.347(0.816)          −0.126(0.042)     38.131(0.229)
     sn06bw     0.031 (0.001)      17.476 (0.052)     −2.173(0.272)           0.369(0.029)     35.778(0.206)
     sn06cc     0.033 (0.001)      17.766 (0.008)      0.092(0.084)           0.401(0.008)     36.225(0.182)
     sn06cf     0.042 (0.001)      17.091 (0.040)     −1.166(0.415)          −0.020(0.028)     36.462(0.195)
     sn06cg     0.029 (0.001)      16.448 (0.092)     −2.379(0.576)           0.191(0.058)     35.170(0.260)
     sn06cj     0.068 (0.001)      18.087 (0.027)      1.475(0.590)          −0.075(0.017)     37.868(0.182)
     sn06cp     0.023 (0.001)      15.973 (0.015)     −0.072(0.100)           0.153(0.013)     35.028(0.202)
     sn06cq     0.049 (0.001)      17.536 (0.013)     −0.009(0.476)           0.035(0.014)     36.890(0.179)
     sn06ef     0.017 (0.001)      15.573 (0.036)     −1.306(0.218)           0.038(0.029)     34.785(0.243)
     sn06ej     0.019 (0.001)      15.747 (0.034)     −1.552(0.162)           0.048(0.026)     34.910(0.227)
     sn06en     0.031 (0.001)      16.761 (0.036)     −0.824(0.143)           0.082(0.020)     35.914(0.193)
     sn06et     0.021 (0.001)      15.942 (0.025)      0.626(0.226)           0.201(0.020)     34.951(0.214)
     sn06gj     0.028 (0.001)      17.651 (0.030)     −2.171(0.275)           0.408(0.022)     35.858(0.200)
     sn06gr     0.034 (0.001)      16.909 (0.010)      0.405(0.093)           0.113(0.009)     36.115(0.181)
     sn06kf     0.021 (0.001)      15.806 (0.026)     −2.860(0.208)          −0.031(0.025)     35.028(0.219)
     sn06le     0.017 (0.001)      14.802 (0.012)      1.452(0.091)          −0.054(0.011)     34.528(0.228)
     sn06lf     0.013 (0.001)      13.629 (0.021)     −1.938(0.119)          −0.208(0.019)     33.385(0.270)
     sn06mo     0.036 (0.001)      17.404 (0.041)     −2.658(0.250)           0.101(0.033)     36.320(0.200)
     sn06N      0.014 (0.001)      15.130 (0.016)     −2.439(0.122)           0.010(0.014)     34.294(0.253)
     sn06nz     0.037 (0.001)      18.096 (0.036)     −3.484(0.971)           0.305(0.032)     36.421(0.220)
     sn06oa     0.059 (0.001)      17.830 (0.017)      0.756(0.283)           0.038(0.012)     37.257(0.171)
     sn06ob     0.058 (0.001)      18.202 (0.016)     −2.841(0.242)           0.043(0.017)     37.243(0.174)
     sn06on     0.069 (0.001)      18.366 (0.039)      0.427(0.536)           0.104(0.036)     37.595(0.198)
     sn06os     0.032 (0.001)      17.613 (0.022)     −0.917(0.235)           0.480(0.019)     35.773(0.190)
     sn06qo     0.030 (0.001)      16.792 (0.014)      0.199(0.089)           0.220(0.012)     35.712(0.187)
     sn06S      0.033 (0.001)      16.804 (0.010)      0.547(0.103)           0.098(0.010)     36.062(0.182)
     sn06sr     0.023 (0.001)      16.120 (0.015)     −1.628(0.209)           0.061(0.013)     35.241(0.204)
     sn06td     0.015 (0.001)      15.714 (0.018)     −1.719(0.201)           0.170(0.018)     34.556(0.249)
     sn06te     0.032 (0.001)      16.576 (0.012)     −0.701(0.093)          −0.017(0.012)     35.986(0.184)
     sn07ae     0.064 (0.001)      17.736 (0.042)      1.050(0.351)           0.020(0.022)     37.238(0.182)
     sn07ai     0.032 (0.001)      16.871 (0.023)      1.205(0.395)           0.213(0.023)     35.912(0.195)
     sn07ap     0.016 (0.001)      15.586 (0.037)     −1.981(0.140)           0.056(0.030)     34.683(0.248)
     sn07au     0.020 (0.001)      16.616 (0.035)     −3.419(0.272)           0.329(0.030)     34.888(0.227)
     sn07bc     0.022 (0.001)      15.854 (0.019)     −1.669(0.160)           0.032(0.018)     35.043(0.210)
     sn07bd     0.032 (0.001)      16.539 (0.015)     −1.818(0.153)          −0.002(0.016)     35.798(0.187)
     sn07bz     0.023 (0.001)      16.611 (0.029)      1.199(0.212)           0.162(0.022)     35.777(0.212)
     sn07ca     0.015 (0.001)      15.910 (0.012)      0.211(0.112)           0.298(0.012)     34.636(0.244)
     sn07cg     0.034 (0.001)      18.155 (0.062)     −0.868(0.453)           0.671(0.029)     35.845(0.207)
     sn07ci     0.019 (0.001)      15.910 (0.032)     −3.182(0.247)           0.134(0.028)     34.691(0.230)
     sn07co     0.027 (0.001)      16.456 (0.007)     −0.468(0.088)           0.150(0.007)     35.477(0.192)
     sn07cq     0.025 (0.001)      15.799 (0.011)     −0.692(0.163)           0.034(0.010)     35.086(0.198)
     sn07F      0.024 (0.001)      15.853 (0.009)      0.339(0.067)          −0.008(0.009)     35.351(0.198)
     sn07H      0.044 (0.001)      18.240 (0.126)     −0.248(0.260)           0.370(0.063)     36.740(0.265)
     sn07O      0.036 (0.001)      16.815 (0.009)     −1.093(0.111)           0.029(0.013)     36.071(0.181)
     sn07qe     0.023 (0.001)      16.019 (0.009)      0.482(0.070)           0.098(0.009)     35.268(0.197)
     sn07R      0.031 (0.001)      16.629 (0.043)     −1.825(0.166)          −0.061(0.025)     36.032(0.201)
     sn07S      0.015 (0.001)      15.810 (0.010)      0.827(0.097)           0.473(0.010)     34.168(0.258)
     sn08L      0.019 (0.001)      15.104 (0.045)     −2.040(0.250)          −0.084(0.037)     34.542(0.242)
     sn08af     0.034 (0.001)      17.314 (0.017)     −1.979(0.205)           0.261(0.020)     35.903(0.187)
     sn08bf     0.026 (0.001)      15.696 (0.010)      0.170(0.097)           0.032(0.010)     35.075(0.195)
