13443.003474 6310.126829 12529.587580
12775.040536 14586.357727 3160.821909
5363.564091 12291.673517 4444.395373
8863.519293 7638.352830 10061.934796
5836.551565 8214.414563 15235.675603
14659.121088 10171.387647 11476.750871
2265.640886 9711.502020 260.809146
3886.188330 2195.705229 12866.828068
2506.865428 6415.110308 2076.647149
1740.940832 15982.792288 3492.110485
8206.918310 13425.795755 9802.237322
4736.505883 10200.836283 8388.595041
7897.327792 15564.400382 4680.268551
12341.723165 8427.919667 12318.621380
6403.657953 14264.471232 4533.035936
5639.333556 12923.592320 14704.423583
1116.084420 15189.233206 8415.925604
1376.893566 3075.421536 10611.630832
14243.721641 5582.286964 1026.741133
320.368782 7323.227796 1009.533413
3812.479267 15530.146107 14435.329176
13614.716588 4266.651990 8636.165452
6003.311622 12163.979782 8200.565826
10683.580173 8505.702947 628.485494
7002.201546 14909.360900 14892.956726
11535.237489 4548.694449 11816.549038
10239.661065 5664.778876 11005.782244
2655.586661 7041.672442 14081.203780
13267.217493 5285.394075 3663.490737
14293.958633 5605.762857 10986.718533
15303.492047 9418.242131 10516.864632
13738.821215 7032.958712 14783.516623
6374.986666 13036.270341 10947.496404
14575.552493 7719.850507 3453.199344
15204.037986 14722.052059 2362.560236
14096.994712 10257.289541 6911.254692
9913.543743 4496.950599 12576.033568
4919.325980 7152.537267 3617.706002
3000.529753 4419.754753 8903.100085
6664.020489 2713.713379 14508.862942
1650.739015 2017.205426 7927.105065
12167.603655 15756.026640 14960.063785
10951.120270 6131.013299 11996.334119
5898.616667 4706.565792 3716.184618
9351.816010 3910.603771 2438.236670
11714.376254 2007.598476 12695.526211
2625.630939 11921.142226 1192.476810
15201.664507 840.468198 8345.014077
2819.370502 3840.997958 12764.768830
11722.470587 10505.018448 15478.482216
10231.333529 12155.757470 1495.687634
2158.438587 8323.361118 1251.714267
1118.502364 3274.481380 7382.727574
13114.836483 9173.098054 12089.293366
831.021101 2524.914057 15999.897137
3269.257771 14239.290311 2007.495613
15964.783989 864.921242 13928.637839
1157.260791 66.585742 14769.106037
9502.274868 2885.956251 2610.103988
6267.043690 14608.426838 13115.122444
5745.525899 8839.760360 9270.879906
7241.213534 10998.198954 1594.241016
8492.927809 12116.701318 4868.722396
15875.655383 9231.537801 14041.820451
11964.948742 10062.558902 566.734508
11964.845872 13331.816672 14806.024819
13972.341484 13296.600653 15670.946069
11900.979316 14453.861444 15737.531811
10670.085353 7956.136305 2623.488055
13280.189342 14223.180003 1231.914893
10395.311778 3968.705894 10071.675253
3666.191676 11209.919436 5069.874200
5260.432693 3702.847237 1186.575518
10129.155097 3578.502612 10418.113318
8170.975540 15543.451354 4480.672213
8737.710048 11508.297218 1812.488877
7543.734867 9480.638702 15109.089538
7214.680928 5381.618011 13562.950975
6952.212732 51.703356 5519.087280
9575.700794 13331.892705 3742.267275
10807.615688 7727.204475 7710.973170
4879.290933 11393.396159 2920.892598
9949.165140 653.828845 6623.739834
11135.740658 10782.983941 10202.242446
5553.853969 2953.959481 9745.693792
10034.526181 11691.669529 5253.991010
11847.015059 3235.404389 14734.629712
10956.104589 10450.085317 4116.247715
8519.055564 1402.298049 4167.951079
14038.142844 10977.998843 1499.843777
1780.410112 5785.614523 9227.048252
9491.383281 10664.905456 4620.444404
12412.275886 4614.070589 5274.273256
3036.015713 15749.811247 57.257190
13238.258167 5303.665208 3011.216672
6983.951952 15338.191390 14702.886208
12237.942962 11185.206448 1938.290589
10972.572667 6141.311030 12388.375914
15088.820390 14660.366594 13790.673963
3256.771462 12698.509431 8768.672798
4756.615239 14478.919543 14554.287321
13983.663491 7970.302824 9219.192770
2604.107895 4382.578703 13833.263366
7878.381152 7418.594416 13583.074606
7935.638342 4656.852575 2886.739814
10946.855021 11640.804535 2224.931196
9649.741222 7878.747489 13410.137645
11588.031811 2851.320156 3551.448675
7976.407718 1940.140539 2211.815261
5767.081673 5196.912001 14910.324700
14535.754471 9953.527239 13389.244235
13090.041785 7937.190723 5359.547051
6309.234555 10541.298618 9742.125754
4142.497914 2419.679762 1160.720170
1725.572512 10355.318112 5817.572745
4612.312326 5302.173125 1458.377273
6837.243530 14951.914347 9337.124769
4247.381168 10539.946151 12188.444926
7798.829842 2516.353869 14128.585464
10010.645111 8283.435542 3325.497457
8920.969803 6819.190014 13279.024697
6310.214031 3909.231791 5216.215412
11669.761089 10218.466346 15757.514037
5411.886836 14360.964260 2177.193792
6572.607006 86.536773 12532.511903
12390.179759 4698.849099 1834.685021
13848.557032 11536.092629 786.599361
7185.681793 15783.473804 11326.545519
3374.126712 7582.303639 13842.899389
1502.712168 1592.948743 6126.334923
4828.209626 10513.918546 12945.524937
2107.234315 824.132577 854.756728
7323.449734 12493.893666 11073.223074
7080.963764 1905.780495 9434.187335
9258.157556 8478.387509 9520.724107
5790.669459 4868.567260 14219.573206
7625.354480 2717.124285 9755.665836
8411.953848 9902.806085 9539.139633
3738.499360 13276.932797 1121.443265
1581.398741 14779.644973 2714.392015
7707.733665 3607.854591 13228.310561
4653.258602 5715.088914 14052.443138
5508.015330 13038.538648 10546.336797
581.238397 4119.502405 12452.117300
10015.425731 13377.659960 4930.504801
3536.149831 3168.329412 9799.072062
1755.723038 10793.683899 12516.196346
11511.388873 3205.637740 6419.002424
5050.528499 6944.137100 3695.935221
6171.971764 8525.535841 2475.580187
8886.363779 233.269498 6083.434778
6114.674340 4886.528099 11798.523692
4167.117471 10394.543429 8837.062333
14713.454276 10975.781833 12956.564738
11165.571568 4991.207557 10334.224698
96.076362 8527.357396 13502.554110
9895.148423 10283.080434 8296.238002
6411.344762 5794.469300 11501.875741
12830.347194 10844.997798 2446.012833
526.282408 1016.969555 10971.548674
3001.862594 9903.333341 11204.818179
9085.297373 18.007673 91.346271
4883.821065 4185.125144 10485.889708
13720.883398 2898.579413 5461.671534
10677.448136 14064.150981 10452.879091
5011.672827 14160.227343 2980.236480
2514.226930 8055.375759 13263.316913
10810.464939 14466.720528 3057.786205
6312.340672 11297.067715 13902.784004
8758.353513 11823.350122 14919.753566
3729.902180 14825.212717 8823.086899
14934.720359 7910.510082 8841.094572
15026.066638 12794.331147 13026.219717
9511.956339 10515.214545 15924.799137
14973.627872 5192.662674 13988.950110
9426.506956 10204.335501 12149.177453
12406.743443 12718.562430 4204.553204
9670.060349 7529.027361 2671.273724
12727.846561 13841.368041 13968.341439
10630.630558 6599.721547 9791.691554
9550.384116 10329.623726 8616.904263
2373.471008 9264.344086 527.414344
11214.565580 8290.410716 13321.745491
8240.785297 1802.367047 7836.960029
8165.584426 775.994912 13029.622702
6154.534529 10202.501868 7233.958196
2303.711974 6609.245303 3952.520626
6508.265185 279.305652 11481.547987
9179.538910 13007.152213 9322.916020
7147.880349 7637.782764 15922.637567
939.571895 1188.166880 10252.261293
9556.476165 3561.637888 3516.605371
10083.890510 14776.203475 11807.016088
7405.635994 7016.988765 13609.383135
15242.596030 15182.573191 14385.378047
12272.218725 5337.107713 8587.879908
3506.176920 7640.819695 15197.125218
7458.697546 14149.084880 15476.430870
2940.245525 7328.623783 12483.583076
12263.161553 14476.504131 4121.365832
12185.799113 15416.076034 5309.532712
6438.060398 8972.552192 8871.170607
9954.665770 3056.442694 7647.374075
5761.681850 10462.078688 14664.362840
3371.064977 9704.674710 13846.936024
1756.443017 5976.893435 3184.043729
10344.322932 9483.070356 10824.863424
9541.448143 941.767894 8973.948297
9017.879006 3882.013420 302.572079
5501.462075 145.174965 14779.076211
9622.827907 12330.974085 14195.152237
14932.360626 2769.034476 7167.704422
7803.531226 12723.700254 10224.147116
15450.905300 2485.382096 4686.225804
14115.268133 5856.447081 14390.900514
11962.204149 7612.890098 4367.793942
15146.247878 1957.213023 13850.864298
9971.111302 11498.661166 14792.632192
2945.059591 4516.540164 2674.645611
3247.631671 10018.002239 2819.820577
2026.707881 3640.830146 15150.794662
221.860111 2573.190765 1919.829139
7389.564540 10376.721990 14643.529392
1613.711648 9827.627283 1128.911481
6299.937452 7942.895409 6985.358562
4690.837967 3905.099550 14598.248667
9058.631909 3051.347421 555.461683
6909.496206 13022.458723 12054.122856
5702.128391 15967.518322 570.663013
8376.774002 3215.149985 10588.665259
11196.594586 5241.857866 14229.495405
10347.389241 5463.717985 802.686163
12267.218379 12853.282525 11179.408153
10910.747764 14466.994173 5007.035429
12039.659252 4766.931625 12949.930838
3025.017807 9457.769592 855.030381
1623.266467 2516.401493 3906.377802
2178.728157 9425.897700 928.836525
14232.851013 15128.026098 896.354840
14803.514026 7504.800092 4111.504825
9392.179277 2701.394671 9353.362699
7621.674675 13048.783919 14817.080683
8424.360838 9316.002291 11670.363201
3603.768984 4226.750055 10137.357366
8610.804413 266.409300 14904.288992
5560.735243 3291.427107 8362.058576
6415.765624 4914.693581 10878.460077
10322.143433 7093.421738 4304.357769
11250.979958 5326.272743 3432.383859
12147.334797 4129.786762 10937.183959
258.839615 13521.966046 13638.578630
9612.202314 5143.640714 10687.362542
8429.282990 13568.001560 4003.364833
4099.646183 1171.770536 8230.114889
14237.003557 9782.574956 8496.524189
13141.292541 15343.310199 11787.951296
5503.351117 5759.075823 702.644870
381.811187 81.219249 7796.066608
4686.168956 11332.199206 13122.339352
8118.552823 7479.533996 1252.126113
3055.736774 7738.373611 14774.092160
694.315397 1350.575925 3917.732866
11381.677946 9779.858914 1485.734419
15385.042779 13879.505104 2657.504962
7615.157660 12116.508653 12440.079918
111.681841 9257.801187 11783.390110
11899.633137 14761.152304 1542.465926
12602.278015 15142.963491 1623.685174
4398.344616 3829.132447 12955.884381
1520.683967 11947.685270 4435.418369
2772.810080 15003.422044 12173.791988
1546.902233 15697.737440 13524.367912
5464.635099 11079.415379 7304.226819
6950.369525 10464.458150 5183.731916
9607.874487 2079.615803 1300.240562
6047.954398 2191.297644 10558.041756
1831.344501 14090.930789 9319.194053
3373.810434 10693.208796 8462.157544
4997.495609 15091.553412 12291.289991
1953.379990 612.237372 8238.975253
6388.798359 3385.047452 7242.397289
2562.590339 4931.949685 6940.134722
86.958244 10396.584791 2019.550101
7391.185071 1346.954309 12484.008251
12574.916987 10954.828796 14563.624061
13875.157556 1002.783187 754.921697
8433.199305 2834.127688 14845.852486
1752.393351 6207.938123 9539.061275
10214.550895 11205.433739 8630.614687
6505.840878 13158.813729 9242.852059
14744.816131 3547.612080 12627.899519
5987.213413 6110.202427 1559.849196
12927.348143 6197.160672 11956.433987
14946.898244 13588.345743 13303.388296
11430.906487 10163.262730 8258.217085
9994.530541 8038.420279 9261.000272
10749.452246 471.619576 12095.127968
9595.304725 2224.012927 2303.066083
3134.366000 12438.563829 13508.499822
11764.980687 2944.404700 10667.313543
5007.832738 1689.220832 14214.925631
1635.732249 7676.434245 4325.128051
3195.581453 4603.782380 10522.288722
15152.015440 3550.680617 8110.634465
12455.403736 14981.587111 2273.897187
4713.620814 8976.117645 10312.317466
13974.621094 3725.569883 10783.937042
10069.749055 13320.874615 13007.949969
12372.815138 455.240607 9446.513791
9881.314960 12220.221294 12390.918499
4548.628496 1228.054025 14080.139331
2763.554120 2863.786281 5756.573568
7088.682171 6059.367734 10360.355956
1610.970893 5211.383166 13911.036572
9721.605358 1666.786895 12892.623676
11995.502545 6380.407716 5868.741321
6307.820003 4355.028803 9594.311205
1091.757037 14424.777857 6915.185812
14099.707007 10797.592988 7370.426420
7546.220798 4678.907940 3590.647707
3937.139289 9227.536444 4818.701739
2017.278613 11991.090564 7682.488020
7773.852181 3079.772735 13741.855754
2134.208129 4690.743627 2953.238913
45.244701 14412.348985 4620.025816
12937.868378 10407.851522 11000.433532
2806.609691 715.671517 15355.462335
12400.920903 1807.428555 13780.240185
3316.106708 15907.135561 8577.833165
10686.533136 7453.356351 13256.741113
14277.180842 11390.495641 6484.277549
3095.882574 13407.774253 2475.368106
10778.370594 5181.626434 5555.140841
8520.226341 7315.834563 10245.884468
11473.465262 7361.079264 8658.233445
93.491070 4298.947642 3066.084960
11093.924602 7105.557333 3781.756477
10449.386929 3506.478229 5589.185032
8229.627106 6822.584945 5496.320593
807.460264 1509.118073 12949.676944
14064.201376 15786.298916 8340.172585
4548.478918 2882.181489 5747.946831
7023.847032 13660.552083 10929.573265
12578.987872 6180.778424 2245.407828
6824.872340 1654.243679 9606.487092
15483.105786 1747.734749 13905.434734
2549.190746 12841.659351 5010.992067
6330.947223 7291.046273 8517.470297
11920.132263 15520.673379 15340.055242
1416.452848 328.133635 849.173308
14366.129792 14392.335019 635.472223
6706.302370 2940.813930 3517.653713
12454.249209 9964.660962 1178.205789
7383.822467 6543.648835 7358.984213
9629.230295 13368.521175 9013.227892
3235.717388 12851.626954 10760.962640
1141.152114 15400.817699 7602.621984
6152.144182 5731.764923 14893.668256
14669.614486 1651.897178 14414.341628
14009.669720 3068.350026 14742.475271
14858.843035 1434.479811 13134.810282
15494.315259 8140.782189 75.624205
3011.968964 4595.031390 10040.285175
4190.174753 11978.853857 583.934002
11549.158973 5608.084152 13952.455177
4562.386858 8843.801540 10804.082123
15323.349505 9984.953654 10204.899822
6925.971481 137.097836 15936.664745
5819.639738 14806.712321 1588.561916
4233.981358 12816.382034 4656.911942
2976.456621 11675.225062 6091.391753
111.266896 11169.540314 14232.173941
186.891109 14181.509278 2827.205324
10227.176284 2371.684031 14806.059189
10811.110285 13920.843004 4414.143333
8763.565455 2483.229854 13257.944873
3567.647571 1806.579352 7242.898520
13772.547393 8732.550841 7379.996355
13709.212131 14552.190579 6186.708669
15297.774046 2786.171929 3003.090703
3954.685980 5762.628558 14678.315766
10046.077740 5873.895454 9847.856079
8278.251674 6060.786563 8029.365350
11105.457006 287.962839 10401.049380
9911.516187 11099.073125 8321.892377
14325.659520 3862.638572 10805.122239
11583.604386 7430.286150 12611.701591
2826.502898 5202.833536 5344.252425
10206.499261 2912.045666 3896.442996
393.207923 2209.819705 6682.614933
3396.298626 6164.505693 12445.243491
2074.614392 210.583426 2319.138938
11922.470471 8488.835100 8379.925508
3951.835813 3594.292098 8667.888347
14352.885201 13505.808285 3766.961472
6674.777570 11831.467798 7629.600044
1479.899802 7415.072176 15059.886194
14091.601401 10241.575082 4262.719730
3435.853818 4448.074335 7174.765396
7332.296822 4841.282258 9384.585102
14014.911755 8237.580892 15549.090795
10460.155239 10312.195284 15759.674221
12779.294176 6234.665747 8248.509321
5159.219677 10186.501560 11842.801420
13827.108032 8539.386753 9348.609705
1594.069497 15214.164331 5180.077496
9223.669541 694.064126 12595.149679
8283.555735 14785.665526 6836.724754
12546.275465 2221.519345 11284.799089
3721.040854 9553.816166 126.081340
13105.625956 7568.727914 8363.662232
12654.716751 2028.883145 2675.857508
12414.390965 14808.177322 8910.523255
4662.900279 3967.396999 3097.024815
505.701699 1794.505023 11636.411568
9854.311404 3388.574520 10850.575892
15034.388899 12612.244061 11544.640025
11629.538571 4895.799788 10330.305544
2466.263318 1442.075246 12551.824888
13751.062407 5163.116100 6105.641048
13877.143755 2268.742056 13674.368962
6240.805979 14923.458807 15703.252107
8916.663494 11337.849764 14511.429428
1827.186742 0.750042 2478.826420
4924.211557 506.451741 4273.331443
560.623125 10360.763145 7661.905963
11411.199016 9395.152037 4274.150016
6955.839034 5024.690608 9169.949811
1286.144578 7490.953926 10612.025057
13837.969466 5242.016333 15775.141165
3943.610514 3119.160080 2043.883213
1617.979468 9359.966059 967.342012
1321.231574 2276.629546 12305.191776
15832.661003 4103.816295 12305.941818
2311.487415 9028.027852 12812.393560
6584.818858 9588.650976 7173.156697
14246.724821 4999.849992 568.308734
2520.874829 11955.689026 5592.999342
11690.824641 13241.833604 13083.953267
6302.849698 11079.803070 2325.969593
6077.990855 15023.413583 5445.129673
8121.874068 641.393043 14805.095739
9089.216080 1962.624618 1081.725278
5394.407849 1795.285613 5185.541573
1700.349667 4106.773028 14213.569432
14512.743226 10691.591886 7802.220400
5685.899923 8938.316700 12802.070393
6254.208657 11459.191536 8757.759419
11847.207999 7150.016170 5999.593015
8931.161259 13452.865868 1079.396077
11257.130859 3530.856715 102.809653
702.260524 11652.730783 744.202704
15507.356263 4741.946856 2706.827321
589.081541 10136.354712 4502.112942
5774.623114 11836.704379 8608.885970
3988.192538 10349.447598 3300.477856
11790.412946 35.347514 12238.794556
8592.483331 6289.556171 7697.986085
1350.242742 2136.764162 14848.002262
7349.835764 11067.925429 12300.868122
8429.231841 6325.056280 15831.724845
8532.041502 7027.316805 11484.455621
9276.244205 6534.673068 226.402477
11983.071527 7123.754609 10362.757188
485.184461 12898.377723 6199.461560
9094.070439 886.570260 548.909150
12394.548295 12676.983206 584.256672
8633.342844 5269.466529 6873.812843
331.328929 6619.709279 9010.577012
15179.331191 13969.545043 4078.502433
11480.199305 6398.776877 10403.558714
11311.924142 14930.818378 1430.875511
6796.379763 8207.062576 7965.548579
7022.782240 4190.134103 15089.303188
1385.539421 4675.318564 11987.680910
7585.000980 13769.389002 12874.251170
8133.910131 10163.937290 9551.234369
8718.166802 2797.280134 14820.700898
15591.979652 3128.609063 5440.410170
8602.556657 2307.940246 3409.955205
12681.059091 13788.139551 9808.732089
7084.617797 9100.063693 8739.550460
8515.493308 15896.443456 946.613037
481.041886 6919.225689 5136.747139
15570.345074 8304.765109 9812.065703
11558.025976 15889.766090 7581.454705
8432.277139 8023.676213 1745.391988
1983.511501 741.843015 4542.672122
804.212399 333.822660 7671.281185
6244.622569 8936.379318 9979.221431
9654.577781 5617.438401 7767.360981
3463.309863 12702.056198 867.424667
12202.860324 5217.549498 763.868116
13149.473360 5698.591384 7683.093805
2286.220492 5268.936458 15987.858914
12098.286202 826.962427 15877.624996
3679.740900 9259.239574 7901.301201
5425.132888 11242.751075 8643.144217
9967.805018 12046.963474 8976.966877
1639.086195 2291.586043 1913.346187
11618.307633 11946.163824 7530.784588
3385.668607 15409.473687 4232.840778
4253.093274 11612.334003 9450.390284
5016.961391 8761.807364 15148.981668
12700.055195 11048.027856 4417.918118
12687.914102 7146.314051 5244.880552
12565.539090 10826.054951 14504.120126
4466.840284 251.187839 9746.871193
13109.984508 10218.992856 5793.834667
6086.951378 11858.079052 8085.420709
8000.297572 7476.386677 4031.584525
15531.082161 10862.055284 3441.058205
3763.922939 15115.148559 15053.392209
13214.313223 4132.109942 7815.199565
12363.294883 832.165130 2863.227421
781.213001 13520.079232 10009.541471
6026.093553 10085.618314 4835.596422
4530.213671 14552.458606 5086.784261
14277.084864 11662.443107 15305.777117
4070.919523 1749.394477 11163.856161
12156.340232 9749.692050 2640.242839
187.924750 9280.774210 13502.298123
3628.982955 13044.697149 12617.446682
2682.375164 10259.010364 749.556616
10497.574729 6622.305240 1581.721754
13360.802150 7403.518241 15101.800985
7370.343622 13429.611793 9187.419300
12205.940044 1959.825457 7739.877898
1292.724297 236.910321 3402.320998
598.501407 4307.829844 5151.715475
11762.357568 464.170076 14901.407532
14402.600407 652.094826 8182.181735
11904.898530 4281.077789 5226.878876
8522.345204 6963.452953 15485.889241
9271.901820 1461.027675 6108.194473
10853.623574 14821.829833 13511.712721
9955.424559 6192.173447 10941.324507
3142.843851 2398.113483 12901.149972
10882.721750 3690.837780 13138.060293
14285.042747 4289.339187 1445.890129
3436.758214 51.696748 1910.060205
2338.165739 14454.297162 2562.155039
10520.347473 10359.195684 6843.232829
15747.226350 2881.540881 13806.685782
15233.115583 12153.442701 15267.713457
5341.310057 7007.066275 14089.543282
2853.022770 962.490827 4281.716721
13794.347278 4105.334679 6679.830204
10695.497242 14988.056428 10370.667984
7833.557527 13273.099168 14660.007171
9279.447664 709.857375 14711.703926
11189.507870 3048.023121 13166.001080
13751.662909 13568.370594 7525.196757
4594.895730 13315.596944 10406.737638
2401.581505 12548.712520 6560.180332
1669.294962 1890.022569 13567.246607
15758.838244 4743.045340 14529.737435
4040.554965 2537.392617 2635.072106
10720.385169 13232.889860 1623.128527
5091.053153 5066.447387 14896.227695
3751.060316 14345.895051 15606.085077
2462.764234 9535.402913 2654.108190
15628.765315 7287.065822 222.478777
7153.962064 11881.961552 13538.075722
1560.699695 14283.543064 10086.788242
8120.880034 15952.838026 11976.810811
5688.126634 15711.676262 719.856151
4217.864068 3752.231220 3257.248768
6852.936174 14472.616396 490.138620
8476.064708 3563.669542 5556.586007
7372.292395 7314.729858 3902.481051
6978.377465 9777.494100 13437.883972
9632.485655 9406.259407 4724.949787
9854.964440 560.221471 606.911332
7393.040154 2120.921166 14890.454396
1479.828388 10241.801200 14843.292415
13456.639207 15929.927841 14554.968677
14176.495357 4147.791902 2307.199889
1433.744118 11000.728076 779.816278
1923.882739 3476.792777 4343.485819
7480.468753 10849.085180 11658.215685
11382.949805 1827.462637 5435.709777
8820.833769 11459.948299 14841.969184
13545.783556 5314.912731 15402.190655
14152.694895 12707.952885 1523.111821
13043.149284 14187.781281 11764.913021
11886.441698 11644.420480 11694.840854
10441.410368 9820.915830 15842.632756
12748.610257 11254.659949 10843.360831
13528.426542 13178.542687 14320.153608
1871.912354 4659.011433 9169.238780
13530.128038 41.961238 10996.701424
2965.837808 8862.795007 6456.649716
1807.806992 6408.578563 11771.562448
1209.997640 4561.273450 8479.515326
2733.109461 1604.422726 6667.296599
14498.022489 13490.864425 2311.717072
10192.863335 7932.274785 12132.632902
10035.496091 4680.885041 7387.292843
4878.856915 2209.311576 4565.835530
3199.010515 4081.223929 9224.846963
12368.249303 1611.351968 9266.808201
7364.950720 4577.189775 2129.603208
13821.600436 6384.996767 8538.181771
9593.162876 7594.994414 13099.455221
2072.678194 10328.103875 14703.877948
8739.974801 8826.126356 12194.742372
11051.691873 3018.989691 4127.017150
7184.324775 13054.485782 8807.902191
14571.617618 1933.342689 11017.213767
3137.453140 5132.353204 15098.437704
12362.300111 1500.602499 709.789664
5629.108305 8865.553219 5286.979439
7758.711513 6687.153648 11671.976214
296.893276 280.316517 3266.970621
13396.348498 2352.994719 13595.074496
12100.226445 11092.969520 6421.200852
8294.968810 6144.661385 9440.190543
12421.985960 13328.986159 6494.676317
5229.888151 11900.603777 8428.019006
247.101911 15038.056917 13560.372210
15345.539614 11400.357021 15060.974717
55.329271 1029.465326 7926.527929
5342.308717 8788.176839 14613.681584
1014.284924 9085.070123 14893.998101
4281.255545 6481.418613 1246.992812
1876.330034 2581.645050 12339.962332
8297.530886 10876.613860 2484.623716
1737.721422 7298.599820 15813.609876
8232.397739 12528.487971 11714.213645
660.416738 12775.589882 10752.270562
14220.788955 12121.129496 6152.627575
13281.763664 12176.458767 7182.092901
5208.291585 1518.767477 15970.269747
3821.973162 2533.052401 9055.339862
2715.971263 6814.307946 15536.758475
3962.964075 8690.637987 2118.403525
302.926406 988.168866 12995.017386
2787.550123 2725.890295 4293.617198
2601.159991 10958.288034 822.105162
14315.373643 11618.704779 13597.695052
9067.644198 9839.493726 9718.824540
15220.271773 7121.257383 5895.283299
6402.364674 12329.548968 7414.050784
6372.634414 151.522130 9947.103185
15427.974276 2867.493392 761.411131
14964.732743 6830.457467 9452.049118
1083.136261 7133.383873 10440.217984
14078.153654 9920.933996 13166.108279
2371.770845 12522.093995 8124.396313
3193.876015 10837.467631 3743.101084
791.571059 3905.111821 13582.594811
10510.395599 3125.383587 4703.852186
405.678891 9527.748261 1033.401147
7819.729675 15900.382675 1184.923277
1766.832859 15328.356944 4052.416669
2528.243990 14293.089687 10882.874144
11980.293108 15376.225948 2016.258010
6420.511085 13454.379595 11937.192013
3586.619364 15826.150447 8459.286001
11711.015677 3020.026454 3296.753624
15454.116761 3811.597513 7201.865445
13036.711565 14321.993112 10327.249033
1740.563744 14727.672003 3854.997294
2773.964891 6547.401677 3755.379962
3958.888175 8314.234536 3083.736905
8011.304844 10842.478526 1376.826585
2894.178980 6822.771627 753.052526
4910.436998 13243.282712 14207.432128
847.629004 829.902068 14033.582567
9306.915004 12540.917745 1053.609014
12603.668629 11995.034499 4865.206527
3805.534067 9031.746056 3187.199631
14132.783099 10772.309800 1914.871626
1987.780386 13546.274698 8462.273304
5743.160355 1505.162866 776.507832
8826.897260 9516.467710 11618.986359
10203.723845 12410.646698 2441.757978
10956.776371 1321.083688 15685.040697
9164.208491 2168.712691 514.942758
7197.791051 11475.627696 13055.860511
8251.400065 8079.296317 9050.895002
13116.606592 11884.830384 2082.641059
303.806216 10017.613475 12854.950859
2218.677850 12005.393868 10401.225549
10680.951153 1748.554216 11906.388415
11457.458993 10575.451476 5422.856125
7076.445344 4779.175314 1833.502815
9518.203330 15735.951684 3154.586503
9203.244020 8900.160175 5323.299194
9718.186778 97.951219 798.926883
6774.047281 8349.351291 8878.223200
15824.942291 5465.957875 4763.053576
1907.583342 5769.764098 14780.667051
14762.534201 7988.441948 10786.060912
9163.759750 2669.393094 12534.615128
5070.148157 14126.852087 7110.066596
10493.004282 5203.297431 11889.241910
12326.507097 14721.500761 11625.193594
15481.093600 7924.744774 4525.353762
4804.392787 1642.931544 4623.304980
5603.319670 8416.978833 12972.656271
14481.542870 8241.921116 2438.614146
3244.596438 10149.504458 8208.378244
2025.263489 8912.038651 196.820185
12811.324401 2075.798393 2866.213278
9345.939529 7145.946558 993.065365
456.006117 1638.950833 6196.362796
12345.248034 13965.457938 4917.863550
7970.441621 13446.551530 12842.608324
12495.795382 2250.944317 14485.539868
1119.100355 7854.263987 6902.518693
14091.756634 6335.806857 15144.439809
530.370772 9580.403295 9293.944259
8738.749016 11605.666784 2205.982910
8935.569201 8416.991186 4281.781303
11801.782479 1762.930707 11427.727861
12794.847845 2218.936824 13066.678701
2991.210633 14564.184859 11032.136632
7909.074184 6534.626472 8478.688155
4751.682500 3030.421847 10729.632472
3237.222368 4149.522210 2583.896459
10139.741060 2241.278836 8919.703316
9284.180869 2771.649608 2500.106604
2578.125120 11510.398624 14105.773396
4784.108030 4445.967818 6522.764574
9065.889340 247.750290 8285.695281
4493.617194 13042.598142 10504.632105
1560.295888 33.808768 9068.816964
12592.432520 7942.882959 15603.443436
5071.120674 12694.565459 2633.865283
15800.753146 15931.787826 6783.387493
2384.649598 10071.528886 9024.666328
11304.352915 3355.709748 11796.315936
13804.459526 5933.834868 7306.714553
11910.232915 10717.942906 11752.682371
2432.997481 3783.832239 12000.432661
10718.692762 8277.449433 9043.030795
5223.324860 9837.745328 9076.839570
14292.141824 6430.177841 1019.722522
13895.585260 11501.298515 13714.287980
529.450536 11302.051661 13646.075806
7312.838029 13686.701259 7717.604685
337.504350 8991.054174 11073.314433
12133.820286 6795.513693 1007.149294
3440.534832 2705.746600 11725.092200
15193.217203 5138.744081 15508.924439
11193.649856 15857.436843 7786.373872
4236.680651 5080.761696 1624.119193
13313.520222 3372.903520 8054.297034
14333.242743 1268.488773 3555.595549
12047.530716 1797.939309 14857.647210
9693.606515 9110.777338 12544.348462
1411.211193 9448.281687 5535.402628
12484.525627 5582.101966 12330.916321
13491.674929 9022.636798 15036.662921
9216.767122 8215.853993 4175.406994
8725.691561 3409.503841 4032.843830
512.065426 7646.184493 9113.605533
2136.184619 4959.704707 12486.509053
10190.481653 3292.947443 13754.997826
13746.077201 15340.478167 15552.937135
12603.724404 9034.084674 8663.714465
9148.072865 10445.295875 2111.996145
14683.475494 6929.821494 7694.098111
11014.391815 4421.496416 716.734901
10051.054728 13638.263545 8932.588894
14226.461730 6363.955098 12342.092736
2259.305553 6876.020524 3988.277229
11372.911086 9012.205143 8947.981935
7859.420132 3202.686788 12240.929386
5614.417950 948.763989 11581.407545
5167.355078 13552.488393 4615.492212
13831.069543 6700.561251 15060.788087
15943.065688 5384.036745 5990.609582
7637.163792 398.428552 10412.105997
8353.898693 10449.483280 8050.369535
1286.487580 8675.945003 14414.324633
13628.580323 10935.250563 5290.345150
1616.857544 6308.161642 14302.550293
10564.839480 14167.581781 1505.237081
6805.768858 3781.999724 2454.001070
2387.176396 8949.354809 6.489456
7002.668615 6780.424345 6707.050714
6063.456695 6723.490033 12091.087459
12054.066276 14360.653824 12489.516011
6466.172273 6714.552517 6938.999284
14516.541808 8001.040097 15614.944294
12930.866441 5629.620413 10550.194850
2221.211583 7246.477957 858.356484
523.761876 1811.317437 15025.938265
2028.998957 8617.086295 2807.937988
4483.000027 11004.262698 11757.292798
4489.489483 2006.931306 2537.717135
11196.540197 8070.388000 9261.207168
7287.627648 4124.454277 7621.860992
3777.143652 10590.626550 14336.413509
10716.142943 9107.168351 6337.453599
10331.087229 6038.034785 11967.074020
4881.282071 8259.246376 3213.551970
5739.638555 8783.008252 5024.869407
4765.576819 10812.007209 13641.955710
7573.514808 15295.007236 8646.218401
3330.807598 3784.496711 10653.149707
5868.524733 14981.036916 2723.537700
15129.731908 6268.664557 6847.991976
6751.592893 10045.808216 1438.618519
5088.006394 4761.951151 10545.786877
11425.459994 15093.038380 583.821655
7392.534006 3974.320443 8843.068030
10606.085983 9713.958998 1626.076274
15630.955390 14479.535817 12438.083483
13272.911093 6053.050618 11733.090712
5919.129486 9383.858216 15517.587431
572.279185 15252.382956 14498.624339
3295.816892 14382.114857 4767.288888
10143.808869 5133.707742 14813.097104
11582.427395 10221.714136 3575.048247
6128.214265 5647.174123 2668.086619
6712.035920 13039.708136 6642.407063
15555.103957 7645.794112 356.366061
1181.180224 7276.749495 14835.901878
13619.263715 4549.660588 4888.952496
9352.354419 10468.790074 14272.810712
8869.941842 11041.069267 13525.193660
7368.566174 14336.886159 11907.308510
12135.855069 8480.695021 1041.016244
10948.952166 4063.122408 11262.730380
14524.000420 10191.336674 909.904503
1192.087032 903.372594 13949.612639
7834.494103 458.476544 5595.406744
8190.860164 1639.656768 12872.156239
7026.762034 15258.920483 1421.816819
11915.714530 8611.274902 11890.606901
10188.525242 1481.216737 6931.676160
7713.718895 8849.782918 5268.562312
3621.027404 4985.637980 13749.257333
4662.043648 15934.590146 1812.379741
15924.774036 14458.590559 12003.716415
834.678531 15650.677599 12907.089008
14784.291170 7485.171694 13365.565552
4379.697906 15676.031858 15005.222328
1251.854137 6702.793884 14264.142803
2673.670964 2618.508415 6875.417698
14564.277864 12807.033657 8356.634442
5495.954017 4520.752544 1206.417353
10764.516329 8141.779948 6192.055333
8513.773654 12803.823604 6126.645471
10326.153395 12728.597632 4585.236030
6329.869810 13563.276163 4235.913621
3236.958811 12347.567326 11721.085315
602.524363 727.265224 11397.117166
15607.746690 1979.119361 2099.911043
13871.889486 4652.790325 4718.419457
4747.307184 3217.068182 1525.453106
13103.941625 8713.022199 6046.205658
14310.358978 3477.538520 14187.985606
4502.414303 11991.312182 10991.809202
10629.059774 6317.465569 7720.406826
15214.295804 12647.335379 5283.682982
3450.209418 15884.294197 1631.250300
15171.294733 486.818552 2358.515524
10568.411892 94.565235 4337.634893
12668.322942 13966.454721 8990.425218
1386.742391 2713.761897 12207.493408
2912.195505 15817.703523 4920.515599
8958.401163 14128.062493 8398.054127
7146.386761 2630.476789 4389.366301
2138.195963 13259.536571 10706.831870
9858.602789 12473.832367 7354.167249
15142.285779 15924.041793 7238.461438
773.536072 15095.336519 7725.279990
3132.051603 9663.748410 7819.845226
7469.686497 6332.071345 5786.299939
460.111708 7718.813736 8500.061844
12667.605115 10631.009241 8317.765359
1588.120715 3589.410396 6445.827852
9986.174841 10735.797164 9076.304641
14375.541142 12873.993127 6335.841204
9082.373005 6732.595909 2809.673571
436.540246 5874.881680 2733.715357
7675.001684 6648.417759 1829.051868
15400.281675 9780.469363 11492.800278
7220.126893 1250.155852 1824.871615
13006.426840 1710.267559 9543.685359
5506.488676 14377.872682 4174.694592
13824.254035 15965.993397 7764.104996
4270.081880 9952.168231 2499.902153
13346.386528 8327.709366 15373.895280
3682.227725 1410.082363 6106.491181
6491.901296 1846.622617 11981.372869
9225.616653 9521.624301 2629.790620
11054.668529 8921.905976 12410.259983
6547.468799 142.032862 13660.415835
8372.340422 13148.459701 15370.683394
1916.025774 2654.948370 13748.556069
6090.720366 479.202405 13714.549458
13854.825362 4749.284285 7666.717682
354.727507 2095.670805 15994.427048
15728.622787 5777.898538 1404.509411
5835.113968 12269.799834 3251.132028
1816.486829 5495.416487 12772.756329
4446.277449 550.085008 5694.662298
856.537424 7097.553808 5836.695167
14516.953259 15469.894230 2985.154861
13887.636646 1385.919996 5640.103238
11636.192715 7476.640369 6119.305643
9350.742166 5331.465724 10868.589928
1017.459848 5686.193238 12964.260741
1011.886888 5414.816017 2742.159271
2416.396299 11249.929985 15011.959105
5667.528326 13066.416814 4507.375585
2440.284656 1512.694255 5057.460594
8134.946954 2369.231680 12155.014409
13971.642121 886.184931 11624.908631
956.796982 14773.821584 13010.828635
6596.900220 10410.014291 4487.468997
12716.205864 3760.756450 9818.934721
7584.795784 4778.216297 15505.127959
4549.056517 5790.103192 4919.943976
7291.215788 8206.499491 169.873953
6303.174894 13874.027825 13236.290774
10810.550479 314.312473 14748.985029
15868.011080 8449.259427 1118.216709
12023.025481 6420.901547 2004.401640
7647.934105 7377.698529 778.223217
4658.762733 13974.598750 11188.237508
9146.231730 10690.804606 14948.993965
2965.166451 2275.600382 3727.210255
2470.294402 6824.656907 9517.313448
7390.238378 14115.872695 1723.812939
7560.112338 4419.047581 15597.840763
4796.403105 15229.598067 15912.153237
3545.388127 15097.609140 8361.412656
4663.604835 11120.634613 14782.314203
6668.006483 2768.568711 6160.012725
7446.229700 7427.331451 4134.611467
2634.467208 573.563174 14825.416073
1583.461166 3538.729625 1101.016455
5310.671421 6009.024034 7925.673362
14827.984876 13399.262412 6041.546050
551.797807 4959.374743 10460.593638
149.638563 9755.777848 9690.191698
61.791793 13301.165982 8787.800830
8423.204448 1964.770810 3908.435436
7205.518651 8632.777293 6677.004147
13365.531376 79.006992 14104.335598
1500.142843 2713.474200 14677.898779
325.558908 4296.935367 2216.628396
1426.575363 9607.606788 8225.652430
9352.248725 8435.591657 5624.914842
15393.794782 8987.389464 10584.289586
9854.388413 9137.028028 4340.067433
3544.580104 9198.819820 1641.233408
12332.380934 1622.024269 3606.004217
240.816362 8827.542920 12238.781517
6917.820509 6193.074289 12317.788510
5022.156107 7693.217132 15031.262710
3700.054878 8018.776048 3328.198069
5916.683274 9445.351411 12935.804857
14142.335712 2797.600137 5371.396514
3767.250547 2191.394911 14358.785979
14351.540133 12045.783324 7495.814007
2691.607558 15590.363428 694.633819
4332.840966 11922.744354 2316.658088
7938.845191 12163.560717 11144.201008
4177.626701 3081.381218 1337.275297
495.415204 8103.537325 9030.492429
15526.677914 11803.592203 1049.268470
2854.875976 1720.275477 10494.619888
15790.680833 15862.611189 13292.220025
5162.077340 3629.861729 15483.614936
3520.863319 1981.401854 11529.398253
11016.677325 4673.009420 11119.761673
11711.311145 9005.850386 7042.506020
14027.969240 944.695570 3206.066729
9172.170241 5122.322271 6287.447947
10509.445538 5617.737475 14390.985280
3539.937967 5144.415381 10194.577475
4589.206437 7999.291357 11914.852953
15083.826325 7789.972190 11777.464135
12376.046343 12952.049530 15407.325864
11859.661272 472.912841 1388.727718
7389.059517 11489.590166 6061.737138
2508.821183 7200.901311 15067.587524
9551.327203 5228.870543 12.283094
12757.393932 14401.040784 5134.605365
3044.841880 8910.486322 10752.342848
1435.827152 12450.424290 15896.758228
11630.404627 1039.630719 7896.049585
7545.257579 123.457044 15686.021775
3322.721706 12499.503387 12638.071297
2730.047570 8359.164659 13110.984145
4118.775288 15748.224176 8600.574304
10180.512426 2257.045359 15801.475614
9248.099942 11808.372563 5030.346150
9260.383037 8565.766495 3431.386934
14394.988409 11610.608375 12341.873257
9147.331250 13046.435526 8792.297539
9044.089471 8676.840145 9831.928258
940.139048 222.097717 9955.385302
626.160816 3544.819431 6454.888690
13264.232120 6274.867001 14814.053349
10375.216258 10393.642289 14562.277518
2975.790554 4574.154707 819.322870
2777.266168 13822.254649 12627.695440
7807.612318 7082.637686 5193.461927
11238.999253 5477.626088 804.070294
7580.872502 14624.957337 13850.505820
373.170033 7669.046800 6527.345958
10205.098298 8609.185856 6749.443683
4160.483593 9235.346672 10294.263114
10615.372283 6499.578784 569.130108
9429.425624 874.795035 10962.772397
7991.703141 3850.585597 15536.927104
8811.026011 6627.851765 13359.181746
5438.721443 14435.464083 4441.819424
10632.183370 9674.463336 9919.445512
11436.253665 1255.335831 8544.402842
9286.759478 1628.505871 213.449642
15814.105444 11833.604170 8822.635498
6563.549119 15994.087763 2057.982163
857.812226 10609.460046 8557.560955
1426.942334 4038.885662 9432.355989
12389.714731 12030.588804 13282.941586
11926.641827 4841.614815 3910.793344
9285.823566 10280.336258 2346.257427
13727.642997 4912.519629 12020.720763
7647.088501 348.773286 13276.056594
191.491343 9635.532771 14904.562465
404.940985 9449.638207 10738.166628
9227.576484 13.187319 10732.254391
11285.558646 870.999545 5341.714429
3843.119593 2297.941880 9380.600092
13275.475590 14687.656611 5411.188896
10558.417169 10614.298431 10252.803710
14469.210520 3900.121989 4533.139961
815.467939 1627.764978 9445.659590
12836.188702 9274.853487 9794.432883
10112.245289 9466.344830 3429.965647
9016.807754 9871.285816 12879.603854
3754.974374 3098.862292 12892.791173
14487.228765 14384.420938 13763.790718
3828.943187 2227.540531 61.732590
13209.543286 15503.016121 14749.389201
2620.732175 10061.433283 9363.687624
12873.535885 8530.643795 13263.809613
1406.675839 9346.111734 14891.574598
10852.335436 6182.300429 8166.428078
4646.768311 294.545718 1632.772901
8076.733958 9311.353472 11504.058717
4956.337804 13066.327846 14602.921008
1849.128970 11553.556612 12987.341939
15612.919688 15382.499799 15214.882470
15674.652278 12592.043078 14717.898584
14424.041472 15212.775252 8779.331867
7787.729088 12086.311130 1309.975654
5051.538693 13492.986976 10656.087396
3943.113284 8345.322404 838.387818
12109.541362 12992.090716 1132.933535
13742.314263 5068.824666 10444.287007
9246.372972 10025.162471 7510.614853
7849.293973 11874.291440 3064.171457
4836.635912 11487.211121 2446.671249
4051.518375 11161.863392 15038.714334
2769.416959 9585.904856 14251.489579
11548.748826 1373.633937 10337.800709
12858.724481 6425.172630 7830.787677
7514.811869 10368.285922 176.110074
8353.199694 6477.827276 13168.200790
9486.133230 4220.141539 2237.025448
3930.420237 13466.514512 12262.187919
11441.035090 5315.808485 8136.479352
14505.206547 10152.444397 3623.690465
951.877788 14203.962772 14785.553857
15990.592122 973.379724 8371.458706
14242.081701 12522.128551 9745.092642
8579.882402 9380.853031 170.265265
410.670072 895.664894 10538.551186
586.780146 9248.864588 1016.378463
13754.980936 2734.997818 5236.520002
15992.006384 6665.418054 2703.034507
12254.194295 2106.453137 8018.842991
4390.673639 611.659676 2171.287381
8014.364105 1563.537464 375.250153
6799.917954 1554.129586 1348.629878
15171.376660 15796.211287 13870.758436
8916.469295 8376.093682 7251.611460
9086.734560 8786.763754 8147.276353
3625.285746 9373.543900 1396.140941
4641.664209 7128.524828 4131.138759
9878.184211 7120.531205 10796.556813
12581.218718 3374.725492 12903.009950
4600.061709 7765.399132 13514.669626
6771.349091 15779.763237 15078.207090
7146.599244 6579.681183 632.336669
8495.229129 5751.057836 428.547949
6365.987557 14667.527131 8804.641631
13617.599017 7754.261684 1591.405378
5764.875363 11379.547430 10964.949278
7161.016304 21.211632 2093.474099
11292.155062 9899.395843 9214.005303
6088.711868 6480.614561 12588.730796
2991.721810 11080.676270 4354.129920
506.391429 1852.025353 4133.893149
15584.598526 8998.624605 10713.574333
216.935188 1493.853726 464.632161
645.483144 7859.841283 15132.159292
9450.124775 5477.440293 6886.420976
11041.530160 11242.315655 2265.968398
6006.479430 2403.331959 2287.180037
8099.953536 13695.487021 12186.575880
1313.958832 3784.198889 2667.190434
13902.689635 6775.920700 13747.866704
2256.819547 7282.312136 15599.892065
6390.712704 6866.910655 8598.516662
1104.287029 7083.845842 10092.370388
1568.919197 7729.328986 1952.211664
701.078482 1179.453761 7429.651957
7587.499458 12220.983921 2671.967605
9853.467864 2227.463343 5075.299563
12140.647901 10327.416879 2770.786585
8327.223774 11641.375718 6554.985474
10994.414215 9544.065346 13330.906174
8742.280912 11800.884893 4613.218302
8342.172969 2191.597589 11480.128957
940.689624 3295.884626 2563.974799
11033.060012 4864.803823 10293.303785
12985.271676 5565.882305 11472.757546
4414.923625 13153.381771 7693.741459
7086.891237 7006.849627 9921.204810
12162.190801 3147.497521 4248.621682
14932.977385 11474.721296 15889.997400
5487.962852 6469.135504 9434.062739
2818.869026 15211.416423 5234.947632
7432.087328 7553.589385 7426.545221
2912.216285 8494.279016 10722.429847
5476.191084 3527.339021 15587.233670
15769.494869 512.610696 5153.115975
11242.252415 4927.534322 2306.497739
2935.993866 12014.425559 9313.347366
12857.198676 8176.616360 12460.844888
1105.820358 7109.593737 7935.566176
995.817751 12597.556597 14404.701687
10429.880497 15416.425623 13616.118102
15664.828129 6848.512943 5169.707480
7091.373343 9760.729228 13663.986496
1813.803189 15236.920312 1191.325516
1401.036852 15006.415180 1703.936213
6554.152827 10248.667588 6631.470534
8860.650566 13184.661454 2645.896093
2173.997925 10041.860131 10822.512453
14634.842812 11147.680489 1932.106183
6570.408988 12143.498240 14529.662780
4975.110667 6573.378730 13946.088395
2591.228762 6238.206851 4794.601338
7760.936241 13329.580201 14555.330566
5424.922737 15143.383391 13792.250878
6616.248253 544.420235 12798.666051
8320.184466 7098.573070 7047.333631
14951.655000 15959.223635 4231.995078
1597.551086 2133.221560 14273.855209
12420.063539 768.064365 9421.535690
14352.169729 7338.473353 5565.033930
12881.832501 12313.584021 12138.412660
10827.920896 14904.812782 2376.619511
15622.522235 6665.749024 15706.199713
14177.852794 12090.671761 14849.583096
11970.103664 2706.920007 15394.003331
8768.769708 11027.104472 6492.576394
15816.103339 9978.759465 6451.800029
4048.098417 11576.310558 8585.021589
2321.953618 7996.374089 9353.085954
11743.489316 6348.543811 691.559308
1308.523238 3230.376312 13005.143328
13446.935898 14058.297209 11909.956111
15823.555410 13680.819436 2575.705127
15529.755115 11858.672222 14666.376888
14379.338204 7828.775886 1373.296887
13773.341535 597.545587 12400.401360
4265.917922 413.648926 6379.160817
10717.717951 4461.747343 1955.471368
3302.739532 6783.700961 9951.845464
12655.825494 2527.190269 300.389268
13347.384802 3835.713508 3530.765580
10352.528122 1282.649406 1589.062781
6262.484226 1106.204808 15269.882217
8838.189353 635.959924 11128.554439
7504.566233 15015.298128 2957.330318
8877.863121 12788.639656 3554.875904
5278.264473 1054.557577 3968.524830
11657.425297 11772.275528 8430.272173
13612.896665 15075.015068 15213.973142
7564.742122 11730.840554 1741.163404
7865.131397 9078.225349 5576.876919
11395.896977 3430.753464 6859.526324
12984.959765 9693.237697 7965.731133
12254.841974 2531.427042 8601.691056
7383.396405 10035.993283 7616.989184
10340.726723 2913.856396 4405.628832
