#ID DescID Mvir Vmax Vrms Rvir Rs Np X Y Z VX VY VZ JX JY JZ Spin rs_klypin Mvir_all M200b M200c M500c M2500c Xoff Voff spin_bullock b_to_a c_to_a A[x] A[y] A[z] b_to_a(500c) c_to_a(500c) A[x](500c) A[y](500c) A[z](500c) T/|U| PID
#a = 1.000000
#Om = 0.300000; Ol = 0.700000; h = 0.700000
#FOF linking length: 0.280000
#Unbound Threshold: 0.500000; FOF Refinement Threshold: 0.700000
#Particle mass: 8.32500e+10 Msun/h
#Box size: 16.000000 Mpc/h
#Force resolution assumed: 0.003 Mpc/h
#Using Strict Spherical Overdensity Masses
#Units: Masses in Msun / h
#Units: Positions in Mpc / h (comoving)
#Units: Velocities in km / s (physical, peculiar)
#Units: Halo Distances, Lengths, and Radii in kpc / h (comoving)
#Units: Angular Momenta in (Msun/h) * (Mpc/h) * km/s (physical)
#Units: Spins are dimensionless
#Rockstar Version: 0.99.9-RC2
0 -1 1.915e+12 222.17 200.54 253.473 22.958 35 3.93610 1.60257 14.77256 189.24 282.54 11.68 -5.837e+11 1.020e+13 1.111e+12 0.13582 22.95822 1.9147e+12 2.4143e+12 1.7483e+12 1.1655e+12 3.3300e+11 29.45005 0.00 0.08310 0.93970 0.49035 36.13181 5.65289 -16.63512 0.8133 -1
1 -1 2.331e+12 213.53 227.25 270.650 40.977 34 4.33201 5.76404 0.30515 32.55 -127.35 -85.12 4.083e+12 8.271e+12 -9.304e+12 0.10541 40.97652 2.3310e+12 2.6640e+12 2.1645e+12 9.1575e+11 0.0000e+00 46.92034 0.00 0.07629 0.18436 0.08484 -36.74487 56.29470 -27.50302 0.4935 -1
2 -1 1.157e+13 386.25 388.30 461.701 45.010 154 3.62611 6.63238 7.87237 22.90 -42.00 17.63 -1.798e+13 -2.101e+12 -4.441e+13 0.03271 51.60837 1.1655e+13 1.2321e+13 1.0739e+13 8.2418e+12 8.3250e+10 17.44126 23.55 0.01933 0.52202 0.34142 -0.03987 85.27431 6.21822 0.5792 -1
3 -1 2.747e+12 249.51 223.55 285.886 26.380 37 3.42465 5.98274 10.04121 78.79 -60.42 33.26 -3.105e+12 7.314e+12 1.681e+12 0.06180 26.38042 2.8305e+12 2.9137e+12 2.4975e+12 1.8315e+12 6.6600e+11 29.16067 10.54 0.03597 0.88059 0.43101 3.09789 5.80690 33.26720 0.7779 -1
4 -1 3.746e+12 291.81 278.80 317.025 23.461 60 3.51021 5.44061 11.28362 28.34 -16.33 -9.92 9.668e+12 -2.098e+12 8.994e+12 0.05699 23.46098 3.7463e+12 4.5788e+12 3.3300e+12 2.0812e+12 9.1575e+11 24.23595 0.00 0.03531 0.41214 0.23032 56.13291 -24.94043 -16.95823 0.4005 -1
5 -1 1.998e+12 223.39 246.26 257.094 24.182 27 3.76089 6.68779 5.93037 21.02 -52.24 97.25 -1.281e+12 -2.548e+12 -3.309e+12 0.04552 24.18192 1.9980e+12 1.9980e+12 1.9980e+12 1.2487e+12 0.0000e+00 50.06445 0.00 0.03289 0.31843 0.21654 -32.71144 72.89371 -37.13381 0.3157 -1
6 -1 4.995e+11 147.55 113.35 161.959 12.489 24 2.25789 10.67096 10.62707 -1.29 -79.00 -71.21 6.830e+11 6.063e+10 4.332e+11 0.06418 12.48935 4.9950e+11 5.8275e+11 4.9950e+11 0.0000e+00 0.0000e+00 76.76499 0.00 0.06155 0.00000 0.00000 -49.68643 74.85008 35.69889 0.0000 -1
7 -1 8.325e+12 331.92 288.77 413.703 57.072 110 0.36374 14.23231 12.29654 41.88 67.58 -39.89 3.406e+13 1.279e+13 2.465e+13 0.05066 57.07165 8.3250e+12 8.8245e+12 6.3270e+12 4.7452e+12 2.4975e+11 22.17820 0.00 0.03067 0.61734 0.51365 2.66698 83.59424 -14.01982 0.8444 -1
8 -1 1.415e+12 165.67 157.25 229.177 69.006 26 0.85914 14.90454 12.84499 -59.54 -74.31 -127.84 -3.107e+12 -3.036e+12 -2.882e+12 0.08091 69.00632 1.4153e+12 1.4985e+12 2.4975e+11 0.0000e+00 0.0000e+00 88.12172 0.00 0.06974 0.11002 0.00000 -33.98971 59.14297 -25.54104 0.0000 -1
9 -1 1.265e+13 460.85 423.12 475.667 17.006 169 5.16710 2.14018 3.69065 -30.97 19.77 -34.36 3.051e+13 -6.311e+12 1.998e+12 0.02140 28.90492 1.2654e+13 1.3570e+13 1.1738e+13 9.4905e+12 5.6610e+12 22.94437 17.68 0.01084 0.93898 0.89380 1.74876 -22.44251 32.93124 0.9127 -1
10 -1 3.580e+12 293.72 260.95 312.257 21.226 59 5.81348 1.38280 10.40935 -36.81 15.90 20.91 -3.025e+12 -9.972e+12 1.354e+13 0.08480 21.22598 3.5798e+12 3.8295e+12 2.9137e+12 2.4143e+12 1.2487e+12 24.99829 0.00 0.04867 0.85878 0.53707 11.74061 45.56770 18.47369 0.9265 -1
11 -1 2.373e+13 512.80 495.29 586.548 45.826 391 4.44673 2.81876 14.94977 -27.32 65.63 -44.79 -1.132e+14 3.761e+14 1.501e+14 0.09412 53.71801 2.3726e+13 2.8138e+13 2.0313e+13 1.5235e+13 8.5748e+12 24.44204 21.45 0.05122 0.91754 0.72058 31.81987 -7.79187 29.61187 0.9431 -1
12 -1 1.665e+12 204.66 213.60 241.935 25.669 24 4.85512 2.93495 4.96936 11.95 -151.23 -80.09 1.559e+12 1.007e+12 -4.764e+12 0.07043 25.66897 1.7483e+12 1.7483e+12 1.3320e+12 9.9900e+11 8.3250e+10 42.36687 7.79 0.05216 0.09857 0.03617 54.37245 -26.58052 49.03426 0.1222 -1
13 -1 3.164e+12 232.73 245.11 299.652 49.780 73 4.71561 3.24601 14.23946 61.77 -194.79 314.93 1.466e+13 -5.736e+12 -9.445e+12 0.08885 49.78016 4.8285e+12 6.7433e+12 3.0802e+12 1.1655e+12 0.0000e+00 32.99635 12.79 0.06427 0.39631 0.08407 90.20255 13.58802 1.81419 0.4642 -1
14 -1 2.831e+12 206.34 224.50 288.745 105.833 54 4.81344 5.16032 14.50831 -78.71 -228.78 -5.82 -9.576e+12 6.433e+12 2.213e+13 0.11253 105.83339 2.8305e+12 3.5798e+12 4.1625e+11 0.0000e+00 0.0000e+00 42.86473 2.86 0.10516 0.09088 0.00000 38.69727 -86.61664 90.99119 0.0000 -1
15 -1 2.497e+12 234.29 234.06 276.947 29.380 34 7.20849 12.49839 2.04883 -1.72 39.63 37.46 -1.380e+13 1.322e+13 1.366e+12 0.14959 29.38011 2.4975e+12 2.6640e+12 2.3310e+12 1.5818e+12 8.3250e+10 46.80760 0.00 0.09945 0.30437 0.15513 36.94073 33.70940 48.67844 0.3419 -1
16 -1 1.249e+12 172.44 146.48 219.813 34.388 22 7.23959 15.87322 8.93808 47.30 47.55 -28.85 2.099e+12 -1.284e+12 -3.201e+10 0.05482 34.38849 1.2487e+12 1.3320e+12 1.1655e+12 2.4975e+11 0.0000e+00 51.57962 0.00 0.04056 0.53635 0.08068 60.81718 -25.89796 -43.03467 0.3988 -1
17 -1 1.332e+12 198.37 208.50 224.593 19.689 20 6.24143 7.62567 8.36421 -114.70 -38.13 0.60 -1.225e+11 5.496e+11 3.130e+12 0.06638 19.68888 1.3320e+12 1.3320e+12 1.2487e+12 8.3250e+11 0.0000e+00 33.62503 0.00 0.04706 0.47317 0.16900 28.50009 48.38155 -8.37689 0.4901 -1
18 -1 1.748e+12 204.47 195.49 245.902 28.298 33 5.82672 8.02350 15.33550 -100.48 -81.29 -37.68 1.783e+12 -4.543e+12 3.992e+12 0.09511 28.29826 1.7483e+12 2.2478e+12 1.7483e+12 9.1575e+11 4.9950e+11 36.14353 0.00 0.05931 0.84495 0.68728 20.66937 30.21046 5.96774 0.8917 -1
19 -1 2.747e+12 268.34 232.84 285.886 19.594 41 13.63080 7.39451 11.72871 64.91 18.22 -28.82 -5.465e+12 -4.894e+11 -1.404e+13 0.12003 19.59409 2.7472e+12 2.9137e+12 2.4975e+12 1.7483e+12 9.9900e+11 26.89873 0.00 0.06677 0.71662 0.33887 15.90552 -0.40561 -8.21620 0.6439 -1
20 -1 2.414e+12 234.25 202.06 273.834 27.610 40 9.36718 11.93321 3.63373 -69.07 62.31 13.21 -3.502e+12 -6.810e+12 -4.711e+12 0.08499 27.61008 2.4975e+12 3.1635e+12 2.2478e+12 1.9147e+12 3.3300e+11 24.50478 15.87 0.04938 0.64118 0.44911 19.64289 -14.27538 36.24596 0.7425 -1
21 -1 2.331e+12 279.79 255.75 270.650 13.016 37 15.11957 11.70478 4.52626 38.35 45.65 48.59 1.368e+12 -2.853e+12 9.372e+11 0.03744 13.01633 2.3310e+12 2.6640e+12 1.9980e+12 1.9980e+12 1.2487e+12 21.93538 5.82 0.01922 0.62520 0.42623 23.38363 14.23198 -3.26886 0.6320 -1
22 -1 3.247e+12 299.37 245.06 302.257 16.934 118 14.55901 14.42651 7.02386 -94.48 45.46 35.28 9.734e+12 -1.358e+12 3.886e+12 0.06685 16.93353 3.2467e+12 3.7463e+12 2.4975e+12 2.3310e+12 1.0822e+12 40.10714 0.00 0.03543 0.69901 0.54063 11.03278 -9.26238 14.27089 0.9727 -1
23 -1 1.332e+12 169.99 173.06 224.593 44.239 24 15.79112 14.15164 11.46779 106.54 15.18 113.50 1.480e+12 1.793e+12 3.046e+11 0.04233 44.23880 1.3320e+12 1.5818e+12 9.9900e+11 0.0000e+00 0.0000e+00 82.13417 18.33 0.03470 0.63004 0.02412 14.84058 -55.91793 61.12778 0.0000 -1
24 -1 6.493e+12 344.00 295.20 380.821 30.401 97 9.29103 15.66819 5.74422 -53.33 -9.28 19.85 2.241e+13 1.533e+13 -1.616e+13 0.06037 30.40085 6.4935e+12 7.2427e+12 5.4112e+12 3.3300e+12 1.9980e+12 17.74794 0.00 0.03336 0.65387 0.46655 24.82449 11.53478 5.33961 0.7988 -1
25 -1 3.164e+12 307.39 259.62 299.652 14.807 49 7.85720 15.38085 8.46269 -77.03 65.15 -26.36 3.130e+12 -7.591e+12 3.829e+12 0.05939 14.80720 3.2467e+12 3.8295e+12 2.9137e+12 2.6640e+12 9.9900e+11 3.39437 14.33 0.03171 0.59456 0.51195 58.95891 -6.51673 6.25978 0.6893 -1
